entry_date,exit_date,held,exit_reason,entry_spy,exit_spy,pnl_pct,policy
2017-02-14,2018-02-02,353,VIX +6/5d,201.7720642089844,242.441650390625,90.19890519862153,BASELINE_current
2017-03-07,2018-02-02,332,VIX +6/5d,204.62123107910156,242.441650390625,73.10778461651162,BASELINE_current
2017-03-28,2018-02-02,311,VIX +6/5d,204.0545959472656,242.441650390625,85.31299793729079,BASELINE_current
2017-04-11,2018-02-02,297,VIX +6/5d,203.8291778564453,242.441650390625,83.4001905071349,BASELINE_current
2017-04-25,2018-02-02,283,VIX +6/5d,206.85549926757812,242.441650390625,83.50946595930506,BASELINE_current
2017-05-15,2018-02-02,263,VIX +6/5d,208.3729705810547,242.441650390625,75.84461122774627,BASELINE_current
2017-05-30,2018-02-02,248,VIX +6/5d,209.4135284423828,242.441650390625,72.84690722126635,BASELINE_current
2017-06-15,2018-02-02,232,VIX +6/5d,211.38194274902344,242.441650390625,67.2271515839925,BASELINE_current
2017-06-29,2018-02-02,218,VIX +6/5d,210.3040313720703,242.441650390625,74.38263533869178,BASELINE_current
2017-07-13,2018-02-02,204,VIX +6/5d,212.97911071777344,242.441650390625,70.04819492049407,BASELINE_current
2017-08-07,2018-02-05,182,VIX>30,215.9853515625,232.30213928222656,96.26919459419659,BASELINE_current
2017-08-22,2018-03-22,212,SPY broke 50DMA,213.867919921875,233.00282287597656,46.72525682031577,BASELINE_current
2017-09-05,2018-03-22,198,SPY broke 50DMA,214.40814208984375,233.00282287597656,39.5459182363741,BASELINE_current
2017-10-25,2018-10-10,350,VIX +6/5d,223.55484008789065,248.15383911132812,41.38111137756666,BASELINE_current
2017-11-08,2018-10-10,336,VIX +6/5d,226.8999786376953,248.15383911132812,30.916746543878055,BASELINE_current
2017-11-22,2018-10-10,322,VIX +6/5d,227.46920776367188,248.15383911132812,33.11654289639319,BASELINE_current
2017-12-20,2018-10-10,294,VIX +6/5d,235.0306396484375,248.15383911132812,18.57302428508438,BASELINE_current
2018-01-03,2018-10-10,280,VIX +6/5d,238.0585021972656,248.15383911132812,12.627487997422929,BASELINE_current
2018-02-01,2018-10-10,251,VIX +6/5d,247.83709716796875,248.15383911132812,-10.92488422389307,BASELINE_current
2018-02-15,2018-10-10,237,VIX +6/5d,240.31166076660156,248.15383911132812,-7.180475666906316,BASELINE_current
2018-03-09,2018-10-10,215,VIX +6/5d,245.45179748535156,248.15383911132812,-10.766837946881584,BASELINE_current
2018-03-23,2018-10-10,201,VIX +6/5d,228.03643798828125,248.15383911132812,9.267479601131,BASELINE_current
2018-04-06,2018-10-10,187,VIX +6/5d,229.51222229003903,248.15383911132812,11.849475832523362,BASELINE_current
2018-05-09,2018-11-05,180,SPY broke 50DMA,238.15467834472656,243.7756500244141,-0.647116302438078,BASELINE_current
2018-05-29,2018-11-26,181,SPY broke 50DMA,237.7305603027344,238.523681640625,-10.155258168124323,BASELINE_current
2018-06-12,2018-12-10,181,SPY broke 50DMA,246.47906494140625,235.46522521972656,-22.537967171411143,BASELINE_current
2018-07-06,2019-01-02,180,SPY broke 50DMA,244.47906494140625,224.38253784179688,-37.49288232616139,BASELINE_current
2018-07-27,2019-05-07,284,VIX +6/5d,249.80514526367188,259.37744140625,-4.8293211577214095,BASELINE_current
2018-08-10,2019-05-07,270,VIX +6/5d,251.3495178222656,259.37744140625,-6.86349142361466,BASELINE_current
2018-08-24,2019-05-07,256,VIX +6/5d,255.21083068847656,259.37744140625,-12.721751720296973,BASELINE_current
2018-09-07,2019-05-07,242,VIX +6/5d,255.29066467285156,259.37744140625,-16.043380213961782,BASELINE_current
2018-09-21,2019-05-07,228,VIX +6/5d,260.3608703613281,259.37744140625,-19.005994144332437,BASELINE_current
2018-10-05,2019-05-07,214,VIX +6/5d,256.6424865722656,259.37744140625,-14.822922662296916,BASELINE_current
2018-11-07,2019-05-07,181,VIX +6/5d,250.57025146484375,259.37744140625,-4.4160582035384,BASELINE_current
2018-12-03,2019-06-03,182,SPY broke 50DMA,249.0455017089844,247.34226989746097,-22.829472488763393,BASELINE_current
2019-02-22,2019-08-23,182,SPY broke 50DMA,250.3563232421875,257.8509216308594,5.584447639140859,BASELINE_current
2019-03-11,2020-01-27,322,VIX +6/5d,249.72848510742188,295.63616943359375,71.34952229010658,BASELINE_current
2019-03-26,2020-01-27,307,VIX +6/5d,253.24281311035156,295.63616943359375,60.25392905389083,BASELINE_current
2019-04-09,2020-01-27,293,VIX +6/5d,258.8188781738281,295.63616943359375,48.60026597133344,BASELINE_current
2019-04-26,2020-01-27,276,VIX +6/5d,264.3140563964844,295.63616943359375,39.541061432219514,BASELINE_current
2019-05-10,2020-01-27,262,VIX +6/5d,259.53057861328125,295.63616943359375,46.883266392256004,BASELINE_current
2019-06-07,2020-01-27,234,VIX +6/5d,259.1250915527344,295.63616943359375,47.954051481716334,BASELINE_current
2019-07-01,2020-01-27,210,VIX +6/5d,267.6362609863281,295.63616943359375,37.32884200442098,BASELINE_current
2019-07-15,2020-01-27,196,VIX +6/5d,272.24383544921875,295.63616943359375,27.627028137739597,BASELINE_current
2019-07-29,2020-01-27,182,VIX +6/5d,272.8865661621094,295.63616943359375,28.341540498723127,BASELINE_current
2019-08-12,2020-02-24,196,VIX +6/5d,260.76568603515625,294.64923095703125,48.09793310461795,BASELINE_current
2019-08-29,2020-02-25,180,SPY broke 50DMA,264.84814453125,285.720703125,32.73902889162132,BASELINE_current
2019-09-12,2020-03-10,180,SPY broke 50DMA,272.7326354980469,263.5777282714844,47.19267027801942,BASELINE_current
2019-09-26,2020-03-24,180,SPY broke 50DMA,270.0908203125,223.5135803222656,24.953222865478484,BASELINE_current
2019-10-11,2020-04-08,180,SPY broke 50DMA,269.4360656738281,251.8997039794922,17.96598433576885,BASELINE_current
2019-10-25,2020-04-22,180,VIX>30,274.2739562988281,256.56024169921875,23.002767700563837,BASELINE_current
2019-12-02,2020-06-11,192,VIX>30,283.40435791015625,276.33319091796875,37.92607744033611,BASELINE_current
2019-12-16,2020-06-15,182,VIX>30,290.5521545410156,282.2530822753906,36.875450246602966,BASELINE_current
2020-01-09,2020-07-13,186,VIX>30,298.51483154296875,290.6875915527344,33.79587231497612,BASELINE_current
2020-01-27,2020-09-03,220,VIX>30,295.63616943359375,318.8939208984375,72.09942188053435,BASELINE_current
2020-02-10,2020-09-03,206,VIX>30,305.8531799316406,318.8939208984375,63.98167392522146,BASELINE_current
2020-02-25,2020-09-03,191,VIX>30,285.720703125,318.8939208984375,52.48794132341186,BASELINE_current
2020-06-26,2021-01-27,215,VIX>30,277.0321960449219,348.551025390625,53.17192036371229,BASELINE_current
2020-07-21,2021-01-27,190,VIX>30,300.077392578125,348.551025390625,40.12911429093337,BASELINE_current
2020-08-04,2021-02-01,181,VIX>30,304.73992919921875,350.2452697753906,32.652362687058314,BASELINE_current
2020-09-18,2021-05-12,236,VIX +6/5d,306.5067138671875,378.64605712890625,47.39872224343368,BASELINE_current
2020-10-05,2021-05-12,219,VIX +6/5d,314.95166015625,378.64605712890625,35.3571488575671,BASELINE_current
2020-11-05,2021-05-12,188,VIX +6/5d,324.6663513183594,378.64605712890625,35.583691025321535,BASELINE_current
2020-11-24,2021-07-19,237,VIX +6/5d,336.69854736328125,398.2133483886719,42.845875648934374,BASELINE_current
2020-12-08,2021-07-19,223,VIX +6/5d,343.14111328125,398.2133483886719,36.26757115447107,BASELINE_current
2020-12-22,2021-07-19,209,VIX +6/5d,341.876220703125,398.2133483886719,28.86824687892595,BASELINE_current
2021-01-07,2021-07-19,193,VIX +6/5d,352.9170227050781,398.2133483886719,21.088686959530037,BASELINE_current
2021-01-21,2021-08-19,210,VIX +6/5d,357.70196533203125,412.1657104492187,28.89598663541416,BASELINE_current
2021-02-04,2021-08-19,196,VIX +6/5d,359.517333984375,412.1657104492187,22.546786742980967,BASELINE_current
2021-02-26,2021-09-20,206,VIX +6/5d,354.09002685546875,408.01519775390625,19.054573824408113,BASELINE_current
2021-03-12,2021-09-20,192,VIX +6/5d,366.8438720703125,408.01519775390625,14.454959838631003,BASELINE_current
2021-03-26,2021-10-04,192,SPY broke 50DMA,369.838623046875,402.93902587890625,14.937858001585793,BASELINE_current
2021-04-26,2021-11-26,214,VIX +6/5d,390.04058837890625,431.4503173828125,33.146831719603775,BASELINE_current
2021-05-10,2021-11-26,200,VIX +6/5d,390.3488464355469,431.4503173828125,32.741221877726865,BASELINE_current
2021-05-24,2021-11-26,186,VIX +6/5d,391.4975891113281,431.4503173828125,31.748686547689474,BASELINE_current
2021-06-07,2022-01-20,227,SPY broke 50DMA,394.31829833984375,421.43853759765625,14.35267966217789,BASELINE_current
2021-06-21,2022-01-20,213,SPY broke 50DMA,394.3620300292969,421.43853759765625,15.52771750874656,BASELINE_current
2021-07-07,2022-01-20,197,SPY broke 50DMA,407.1057739257813,421.43853759765625,6.27390022888879,BASELINE_current
2021-07-21,2022-01-20,183,SPY broke 50DMA,407.1900329589844,421.43853759765625,3.705596471925674,BASELINE_current
2021-08-04,2022-02-03,183,SPY broke 50DMA,411.3411865234375,421.297119140625,-2.908174113547277,BASELINE_current
2021-08-18,2022-02-14,180,SPY broke 50DMA,411.5285949707031,414.146484375,-7.820941644517088,BASELINE_current
2021-09-01,2022-02-28,180,SPY broke 50DMA,423.35400390625,411.8919677734375,-12.470599305443558,BASELINE_current
2021-09-15,2022-03-14,180,SPY broke 50DMA,419.6808471679687,393.37408447265625,-16.049172836759737,BASELINE_current
2021-09-29,2022-04-26,209,SPY broke 50DMA,408.4006042480469,393.7444458007813,-16.36778431067064,BASELINE_current
2021-10-18,2022-04-26,190,SPY broke 50DMA,420.3768005371094,393.7444458007813,-18.447749758233584,BASELINE_current
2021-11-18,2022-05-17,180,SPY broke 50DMA,441.5652160644531,386.3825073242187,-44.0604381223115,BASELINE_current
2021-12-03,2022-06-01,180,SPY broke 50DMA,426.2332153320313,387.5842895507813,-46.501720332488574,BASELINE_current
2021-12-17,2022-06-15,180,SPY broke 50DMA,433.815185546875,358.8269958496094,-57.4054467293066,BASELINE_current
2021-12-31,2022-06-29,180,SPY broke 50DMA,448.05023193359375,361.46044921875,-61.34402091294611,BASELINE_current
2022-01-18,2022-09-15,240,SPY broke 50DMA,430.6266479492187,370.7550048828125,-58.23591707675685,BASELINE_current
2022-02-01,2022-09-15,226,SPY broke 50DMA,427.287353515625,370.7550048828125,-54.638055633678185,BASELINE_current
2022-03-24,2022-09-20,180,SPY broke 50DMA,426.2867736816406,366.5237121582031,-54.96034343800471,BASELINE_current
2023-01-13,2023-09-21,251,SPY broke 50DMA,382.0209655761719,418.1409912109375,2.318880250542206,BASELINE_current
2023-01-30,2023-09-21,234,SPY broke 50DMA,384.0245361328125,418.1409912109375,2.8424194399605915,BASELINE_current
2023-02-13,2023-09-21,220,SPY broke 50DMA,395.75836181640625,418.1409912109375,-11.933642292273593,BASELINE_current
2023-02-27,2023-09-21,206,SPY broke 50DMA,381.2828063964844,418.1409912109375,6.4227668863982235,BASELINE_current
2023-03-21,2023-09-21,184,SPY broke 50DMA,383.87347412109375,418.1409912109375,-1.439734263442445,BASELINE_current
2023-04-05,2023-10-02,180,SPY broke 50DMA,392.23590087890625,414.186279296875,-8.718502899593854,BASELINE_current
2023-04-21,2023-10-20,182,SPY broke 50DMA,396.6625061035156,408.2542419433594,-8.788102340527468,BASELINE_current
2023-05-05,2024-08-02,455,VIX +6/5d,397.0763244628906,521.917236328125,97.3636574556884,BASELINE_current
2023-05-19,2024-08-02,441,VIX +6/5d,402.8405151367187,521.917236328125,92.68368874786589,BASELINE_current
2023-06-02,2024-08-02,427,VIX +6/5d,411.7899169921875,521.917236328125,93.40517719135526,BASELINE_current
2023-06-23,2024-08-02,406,VIX +6/5d,418.4291076660156,521.917236328125,91.2586423399447,BASELINE_current
2023-07-07,2024-08-02,392,VIX +6/5d,423.5868835449219,521.917236328125,86.09537508652593,BASELINE_current
2023-07-25,2024-08-02,374,VIX +6/5d,439.9006652832031,521.917236328125,67.6113819763666,BASELINE_current
2023-08-10,2024-08-02,358,VIX +6/5d,430.6957702636719,521.917236328125,74.43502754165229,BASELINE_current
2023-08-29,2024-08-02,339,VIX +6/5d,433.8349304199219,521.917236328125,78.76027383531375,BASELINE_current
2023-11-03,2024-08-02,273,VIX +6/5d,421.3395690917969,521.917236328125,100.81834597634685,BASELINE_current
2023-12-06,2024-08-02,240,VIX +6/5d,440.7931823730469,521.917236328125,81.36914361550298,BASELINE_current
2024-01-03,2024-08-02,212,VIX +6/5d,456.2345581054687,521.917236328125,62.678787359912604,BASELINE_current
2024-01-17,2024-08-02,198,VIX +6/5d,459.6408386230469,521.917236328125,61.29529408605602,BASELINE_current
2024-01-31,2024-08-02,184,VIX +6/5d,469.94720458984375,521.917236328125,51.052017717755284,BASELINE_current
2024-02-14,2024-09-06,205,VIX +6/5d,485.2170104980469,529.2235717773438,37.58808306343124,BASELINE_current
2024-02-28,2024-09-06,191,VIX +6/5d,492.7010192871094,529.2235717773438,33.856173870992926,BASELINE_current
2024-03-13,2024-12-18,280,VIX +6/5d,502.1509704589844,575.9583740234375,66.32034448686515,BASELINE_current
2024-03-27,2024-12-18,266,VIX +6/5d,510.7401123046875,575.9583740234375,60.33903312398598,BASELINE_current
2024-04-10,2024-12-18,252,VIX +6/5d,501.9051208496094,575.9583740234375,64.01444481287982,BASELINE_current
2024-05-03,2024-12-18,229,VIX +6/5d,499.1423950195313,575.9583740234375,79.19732330648964,BASELINE_current
2024-05-30,2024-12-18,202,VIX +6/5d,510.1935119628906,575.9583740234375,67.5000012772126,BASELINE_current
2024-06-13,2024-12-18,188,VIX +6/5d,529.56201171875,575.9583740234375,51.21952951759825,BASELINE_current
2024-07-03,2025-03-04,244,SPY broke 50DMA,540.0948486328125,568.6116333007812,19.12517998374874,BASELINE_current
2024-07-17,2025-03-04,230,SPY broke 50DMA,545.4619140625,568.6116333007812,10.35797394415555,BASELINE_current
2024-07-31,2025-03-04,216,SPY broke 50DMA,539.458251953125,568.6116333007812,15.237289824972471,BASELINE_current
2024-08-14,2025-03-04,202,SPY broke 50DMA,532.5436401367188,568.6116333007812,18.637861098879455,BASELINE_current
2024-09-03,2025-03-04,182,SPY broke 50DMA,540.7020263671875,568.6116333007812,3.002180179963642,BASELINE_current
2024-09-17,2025-03-17,181,SPY broke 50DMA,551.465576171875,559.0404052734375,-12.971921495491676,BASELINE_current
2024-10-03,2025-04-01,180,SPY broke 50DMA,557.8234252929688,554.6121215820312,-22.24910064910755,BASELINE_current
2024-10-17,2025-04-15,180,SPY broke 50DMA,572.0975341796875,531.5169067382812,-24.368728761335348,BASELINE_current
2024-10-31,2025-10-16,350,VIX +6/5d,558.6289672851562,656.8995971679688,47.42477191196347,BASELINE_current
2024-11-14,2025-10-16,336,VIX +6/5d,582.9039306640625,656.8995971679688,43.015789420175004,BASELINE_current
2024-11-29,2025-10-16,321,VIX +6/5d,591.94189453125,656.8995971679688,37.94036431186054,BASELINE_current
2024-12-13,2025-10-16,307,VIX +6/5d,593.57275390625,656.8995971679688,32.058011265917294,BASELINE_current
2024-12-27,2025-10-16,293,VIX +6/5d,586.5021362304688,656.8995971679688,37.57658093345498,BASELINE_current
2025-01-17,2025-10-16,272,VIX +6/5d,589.0353393554688,656.8995971679688,37.848411122361775,BASELINE_current
2025-02-03,2025-10-16,255,VIX +6/5d,589.2225341796875,656.8995971679688,37.649365648342176,BASELINE_current
2025-02-18,2025-10-16,240,VIX +6/5d,602.7463989257812,656.8995971679688,31.324053167714816,BASELINE_current
2025-03-04,2025-10-16,226,VIX +6/5d,568.6116333007812,656.8995971679688,48.21882239217366,BASELINE_current
2025-03-24,2025-10-16,206,VIX +6/5d,567.5736083984375,656.8995971679688,65.76116569517137,BASELINE_current
2025-05-16,2025-11-18,186,VIX +6/5d,587.465576171875,656.3427734375,38.537082116584,BASELINE_current
2025-06-03,2026-03-06,276,VIX +6/5d,589.3341674804688,670.5487060546875,43.258927433638064,BASELINE_current
2025-06-24,2026-03-06,255,VIX +6/5d,601.676513671875,670.5487060546875,37.35121717446403,BASELINE_current
2025-07-17,2026-03-06,232,VIX +6/5d,622.7576293945312,670.5487060546875,24.085487806615205,BASELINE_current
2025-08-01,2026-03-06,217,VIX +6/5d,616.4907836914062,670.5487060546875,27.451382127441505,BASELINE_current
2025-08-15,2026-03-06,203,VIX +6/5d,638.0281372070312,670.5487060546875,18.948018572928845,BASELINE_current
2025-08-29,2026-03-06,189,VIX +6/5d,639.6245727539062,670.5487060546875,18.706598439493735,BASELINE_current
2017-02-14,2018-06-29,500,Max hold,201.7720642089844,240.80416870117188,71.00930856881494,HOLD_ONLY
2017-03-07,2018-07-20,500,Max hold,204.62123107910156,248.2604522705078,76.15008021610363,HOLD_ONLY
2017-03-28,2018-08-10,500,Max hold,204.0545959472656,251.3495178222656,98.14233752151237,HOLD_ONLY
2017-04-11,2018-08-24,500,Max hold,203.8291778564453,255.21083068847656,108.56734216701153,HOLD_ONLY
2017-04-25,2018-09-07,500,Max hold,206.85549926757812,255.29066467285156,108.31237223681411,HOLD_ONLY
2017-05-15,2018-09-27,500,Max hold,208.3729705810547,259.20172119140625,110.41365957031918,HOLD_ONLY
2017-05-30,2018-10-12,500,Max hold,209.4135284423828,246.0583038330078,63.033873411204475,HOLD_ONLY
2017-06-15,2018-10-29,501,Max hold,211.38194274902344,235.2779541015625,26.29669013339204,HOLD_ONLY
2017-06-29,2018-11-12,501,Max hold,210.3040313720703,243.0444793701172,51.726887448260385,HOLD_ONLY
2017-07-13,2018-11-26,501,Max hold,212.97911071777344,238.523681640625,31.45476718524713,HOLD_ONLY
2017-08-07,2018-12-20,500,Max hold,215.9853515625,220.3959045410156,-14.115398432570213,HOLD_ONLY
2017-08-22,2019-01-04,500,Max hold,213.867919921875,226.36463928222656,-6.754858084619922,HOLD_ONLY
2017-09-05,2019-01-18,500,Max hold,214.40814208984375,238.98377990722656,16.416015966414832,HOLD_ONLY
2017-10-25,2019-03-11,502,Max hold,223.55484008789065,249.72848510742188,18.905316291120407,HOLD_ONLY
2017-11-08,2019-03-25,502,Max hold,226.8999786376953,251.3690490722656,12.624152041765925,HOLD_ONLY
2017-11-22,2019-04-08,502,Max hold,227.46920776367188,260.1521911621094,36.94771211043814,HOLD_ONLY
2017-12-20,2019-05-06,502,Max hold,235.0306396484375,263.782470703125,25.548218224591533,HOLD_ONLY
2018-01-03,2019-05-20,502,Max hold,238.0585021972656,255.79212951660156,-4.930317809282135,HOLD_ONLY
2018-02-01,2019-06-17,501,Max hold,247.83709716796875,260.6745300292969,-23.416460792699162,HOLD_ONLY
2018-02-15,2019-07-01,501,Max hold,240.31166076660156,267.6362609863281,-1.9977143530513133,HOLD_ONLY
2018-03-09,2019-07-22,500,Max hold,245.45179748535156,269.66387939453125,-5.818645742458874,HOLD_ONLY
2018-03-23,2019-08-05,500,Max hold,228.03643798828125,256.91851806640625,2.0631780080339404,HOLD_ONLY
2018-04-06,2019-08-19,500,Max hold,229.51222229003903,264.6218566894531,15.119296309999033,HOLD_ONLY
2018-05-09,2019-09-23,502,Max hold,238.15467834472656,271.1911315917969,24.57835639046172,HOLD_ONLY
2018-05-29,2019-10-11,500,Max hold,237.7305603027344,269.4360656738281,19.117667056682446,HOLD_ONLY
2018-06-12,2019-10-25,500,Max hold,246.47906494140625,274.2739562988281,11.65116215894802,HOLD_ONLY
2018-07-06,2019-11-18,500,Max hold,244.47906494140625,283.7499084472656,37.12578366654786,HOLD_ONLY
2018-07-27,2019-12-09,500,Max hold,249.80514526367188,285.4414367675781,32.05901740824721,HOLD_ONLY
2018-08-10,2019-12-23,500,Max hold,251.3495178222656,293.5525207519531,46.625561493719616,HOLD_ONLY
2018-08-24,2020-01-06,500,Max hold,255.21083068847656,295.76416015625,41.404732991016566,HOLD_ONLY
2018-09-07,2020-01-21,501,Max hold,255.29066467285156,302.76434326171875,50.61068441794415,HOLD_ONLY
2018-09-21,2020-02-03,500,Max hold,260.3608703613281,296.2027893066406,29.49651820969037,HOLD_ONLY
2018-10-05,2020-02-18,501,Max hold,256.6424865722656,307.7267150878906,62.62549972111262,HOLD_ONLY
2018-11-07,2020-03-23,502,Max hold,250.57025146484375,204.94485473632812,-36.13369757646129,HOLD_ONLY
2018-12-03,2020-04-16,500,Max hold,249.0455017089844,256.56024169921875,0.6997515513653327,HOLD_ONLY
2019-02-22,2020-07-06,500,Max hold,250.3563232421875,292.7279968261719,71.93430166695398,HOLD_ONLY
2019-03-11,2020-07-23,500,Max hold,249.72848510742188,298.1846618652344,84.67466502995028,HOLD_ONLY
2019-03-26,2020-08-07,500,Max hold,253.24281311035156,308.90399169921875,94.43299782748447,HOLD_ONLY
2019-04-09,2020-08-21,500,Max hold,258.8188781738281,313.4373474121094,91.1073978253689,HOLD_ONLY
2019-04-26,2020-09-08,501,Max hold,264.3140563964844,307.6483459472656,74.57278267659984,HOLD_ONLY
2019-05-10,2020-09-21,500,Max hold,259.53057861328125,303.0954284667969,67.88307389254777,HOLD_ONLY
2019-06-07,2020-10-19,500,Max hold,259.1250915527344,317.03729248046875,92.75462571064331,HOLD_ONLY
2019-07-01,2020-11-12,500,Max hold,267.6362609863281,327.4195861816406,100.1342190002673,HOLD_ONLY
2019-07-15,2020-11-27,501,Max hold,272.24383544921875,337.11572265625,106.58118698870878,HOLD_ONLY
2019-07-29,2020-12-10,500,Max hold,272.8865661621094,339.952392578125,114.7278586481163,HOLD_ONLY
2019-08-12,2020-12-24,500,Max hold,260.76568603515625,343.51470947265625,132.3081594087835,HOLD_ONLY
2019-08-29,2021-01-11,501,Max hold,264.84814453125,352.535400390625,143.12156164223146,HOLD_ONLY
2019-09-12,2021-01-25,501,Max hold,272.7326354980469,357.8417053222656,141.97245224221726,HOLD_ONLY
2019-09-26,2021-02-08,501,Max hold,270.0908203125,363.5390319824219,153.7039086277256,HOLD_ONLY
2019-10-11,2021-02-22,500,Max hold,269.4360656738281,360.29937744140625,152.25134551560996,HOLD_ONLY
2019-10-25,2021-03-08,500,Max hold,274.2739562988281,355.3561706542969,137.86890092124736,HOLD_ONLY
2019-12-02,2021-04-15,500,Max hold,283.40435791015625,388.4154968261719,174.03691769991062,HOLD_ONLY
2019-12-16,2021-04-29,500,Max hold,290.5521545410156,392.328857421875,177.49585155921872,HOLD_ONLY
2020-01-09,2021-05-24,501,Max hold,298.51483154296875,391.4975891113281,154.76245878486264,HOLD_ONLY
2020-01-27,2021-06-10,500,Max hold,295.63616943359375,395.6445007324219,157.0155293478937,HOLD_ONLY
2020-02-10,2021-06-24,500,Max hold,305.8531799316406,398.3350830078125,142.95038025309395,HOLD_ONLY
2020-02-25,2021-07-09,500,Max hold,285.720703125,408.0989990234375,149.6668048938726,HOLD_ONLY
2020-06-26,2021-11-08,500,Max hold,277.0321960449219,440.8132019042969,150.86635877146688,HOLD_ONLY
2020-07-21,2021-12-03,500,Max hold,300.077392578125,426.2332153320313,109.9492040187768,HOLD_ONLY
2020-08-04,2021-12-17,500,Max hold,304.73992919921875,433.815185546875,108.0411894582306,HOLD_ONLY
2020-09-18,2022-01-31,500,Max hold,306.5067138671875,424.41943359375,86.57263078297419,HOLD_ONLY
2020-10-05,2022-02-17,500,Max hold,314.95166015625,412.2974853515625,54.67608153807117,HOLD_ONLY
2020-11-05,2022-03-21,501,Max hold,324.6663513183594,420.51458740234375,60.30033243167811,HOLD_ONLY
2020-11-24,2022-04-08,500,Max hold,336.69854736328125,423.5237426757813,55.12500881687029,HOLD_ONLY
2020-12-08,2022-04-22,500,Max hold,343.14111328125,403.150390625,23.53487155323555,HOLD_ONLY
2020-12-22,2022-05-06,500,Max hold,341.876220703125,389.2402038574219,2.838916796875089,HOLD_ONLY
2021-01-07,2022-05-23,501,Max hold,352.9170227050781,375.594970703125,-22.070316380303286,HOLD_ONLY
2021-01-21,2022-06-06,501,Max hold,357.70196533203125,389.6661071777344,-17.58735180213388,HOLD_ONLY
2021-02-04,2022-06-21,502,Max hold,359.517333984375,356.4520568847656,-47.87644945637541,HOLD_ONLY
2021-02-26,2022-07-11,500,Max hold,354.09002685546875,365.1573486328125,-42.830100281865455,HOLD_ONLY
2021-03-12,2022-07-25,500,Max hold,366.8438720703125,375.9344482421875,-43.14842737266403,HOLD_ONLY
2021-03-26,2022-08-08,500,Max hold,369.838623046875,392.48968505859375,-25.776379220057226,HOLD_ONLY
2021-04-26,2022-09-08,500,Max hold,390.04058837890625,380.5056457519531,-52.3195162174712,HOLD_ONLY
2021-05-10,2022-09-22,500,Max hold,390.3488464355469,357.10516357421875,-65.88190141972397,HOLD_ONLY
2021-05-24,2022-10-06,500,Max hold,391.4975891113281,356.1318054199219,-63.68702399345712,HOLD_ONLY
2021-06-07,2022-10-20,500,Max hold,394.31829833984375,348.6981506347656,-68.21832956350971,HOLD_ONLY
2021-06-21,2022-11-03,500,Max hold,394.3620300292969,354.0419921875,-70.77153489449951,HOLD_ONLY
2021-07-07,2022-11-21,502,Max hold,407.1057739257813,376.54351806640625,-65.39850030572715,HOLD_ONLY
2021-07-21,2022-12-05,502,Max hold,407.1900329589844,381.3148498535156,-65.22635730632216,HOLD_ONLY
2021-08-04,2022-12-19,502,Max hold,411.3411865234375,364.3051452636719,-76.0524975441958,HOLD_ONLY
2021-08-18,2023-01-03,503,Max hold,411.5285949707031,365.0720825195313,-78.21579909438522,HOLD_ONLY
2021-09-01,2023-01-17,503,Max hold,423.35400390625,381.3211059570313,-78.108394565843,HOLD_ONLY
2021-09-15,2023-01-30,502,Max hold,419.6808471679687,384.0245361328125,-76.99575585318019,HOLD_ONLY
2021-09-29,2023-02-13,502,Max hold,408.4006042480469,395.75836181640625,-63.5852723736644,HOLD_ONLY
2021-10-18,2023-03-02,500,Max hold,420.3768005371094,381.3594665527344,-78.41681297045191,HOLD_ONLY
2021-11-18,2023-04-03,501,Max hold,441.5652160644531,395.4596557617187,-80.7273424348451,HOLD_ONLY
2021-12-03,2023-04-17,500,Max hold,426.2332153320313,398.3369140625,-77.55932384881878,HOLD_ONLY
2021-12-17,2023-05-01,500,Max hold,433.815185546875,399.84771728515625,-77.61804376557284,HOLD_ONLY
2021-12-31,2023-05-15,500,Max hold,448.05023193359375,397.44195556640625,-82.03463777504024,HOLD_ONLY
2022-01-18,2023-06-02,500,Max hold,430.6266479492187,411.7899169921875,-72.16215151634728,HOLD_ONLY
2022-02-01,2023-06-16,500,Max hold,427.287353515625,424.4658508300781,-63.381504290456114,HOLD_ONLY
2022-03-24,2023-08-07,501,Max hold,426.2867736816406,435.3320007324219,-56.57060935118374,HOLD_ONLY
2023-01-13,2024-05-28,501,Max hold,382.0209655761719,517.2222900390625,117.56530148978376,HOLD_ONLY
2023-01-30,2024-06-13,500,Max hold,384.0245361328125,529.56201171875,135.84155176571866,HOLD_ONLY
2023-02-13,2024-06-27,500,Max hold,395.75836181640625,535.109619140625,115.35198446537322,HOLD_ONLY
2023-02-27,2024-07-11,500,Max hold,381.2828063964844,545.0114135742188,160.34625836793595,HOLD_ONLY
2023-03-21,2024-08-02,500,Max hold,383.87347412109375,521.917236328125,109.69300100021498,HOLD_ONLY
2023-04-05,2024-08-19,502,Max hold,392.23590087890625,548.0767822265625,137.32755025695974,HOLD_ONLY
2023-04-21,2024-09-03,501,Max hold,396.6625061035156,540.7020263671875,123.6434986221418,HOLD_ONLY
2023-05-05,2024-09-16,500,Max hold,397.0763244628906,551.240234375,133.5324420993715,HOLD_ONLY
2023-05-19,2024-09-30,500,Max hold,402.8405151367187,563.6588134765625,145.24962689970215,HOLD_ONLY
2023-06-02,2024-10-14,500,Max hold,411.7899169921875,574.0328369140625,162.80363974718523,HOLD_ONLY
2023-06-23,2024-11-04,500,Max hold,418.4291076660156,559.7783813476562,137.70384868266794,HOLD_ONLY
2023-07-07,2024-11-18,500,Max hold,423.5868835449219,577.7955322265625,156.1169696588079,HOLD_ONLY
2023-07-25,2024-12-06,500,Max hold,439.9006652832031,597.1093139648438,160.45663505842154,HOLD_ONLY
2023-08-10,2024-12-23,501,Max hold,430.6957702636719,586.1865844726562,150.01537350895345,HOLD_ONLY
2023-08-29,2025-01-10,500,Max hold,433.8349304199219,572.189697265625,133.7623123896878,HOLD_ONLY
2023-11-03,2025-03-17,500,Max hold,421.3395690917969,559.0404052734375,132.71930026420694,HOLD_ONLY
2023-12-06,2025-04-21,502,Max hold,440.7931823730469,508.0558776855469,48.482236455547195,HOLD_ONLY
2024-01-03,2025-05-19,502,Max hold,456.2345581054687,588.108154296875,119.57805270915091,HOLD_ONLY
2024-01-17,2025-06-02,502,Max hold,459.6408386230469,585.992431640625,113.03927511587379,HOLD_ONLY
2024-01-31,2025-06-16,502,Max hold,469.94720458984375,595.8494873046875,110.92972095524851,HOLD_ONLY
2024-02-14,2025-06-30,502,Max hold,485.2170104980469,612.6533203125,105.73253900412132,HOLD_ONLY
2024-02-28,2025-07-14,502,Max hold,492.7010192871094,619.5548095703125,107.55798712702746,HOLD_ONLY
2024-03-13,2025-07-28,502,Max hold,502.1509704589844,631.582763671875,101.47403730318207,HOLD_ONLY
2024-03-27,2025-08-11,502,Max hold,510.7401123046875,630.5712890625,90.26514055947065,HOLD_ONLY
2024-04-10,2025-08-25,502,Max hold,501.9051208496094,637.0662231445312,102.32619286532825,HOLD_ONLY
2024-05-03,2025-09-15,500,Max hold,499.1423950195313,655.3511352539062,144.19802785631234,HOLD_ONLY
2024-05-30,2025-10-13,501,Max hold,510.1935119628906,659.2860107421875,130.30083886404583,HOLD_ONLY
2024-06-13,2025-10-27,501,Max hold,529.56201171875,681.3603515625,132.07225407165205,HOLD_ONLY
2024-07-03,2025-11-17,502,Max hold,540.0948486328125,661.901123046875,92.83228202846249,HOLD_ONLY
2024-07-17,2025-12-01,502,Max hold,545.4619140625,676.41845703125,91.22712169028084,HOLD_ONLY
2024-07-31,2025-12-15,502,Max hold,539.458251953125,676.8758544921875,96.49421272221306,HOLD_ONLY
2024-08-14,2025-12-29,502,Max hold,532.5436401367188,685.9765625,108.97866677969712,HOLD_ONLY
2024-09-03,2026-01-16,500,Max hold,540.7020263671875,689.7761840820312,83.934709281101,HOLD_ONLY
2024-09-17,2026-01-30,500,Max hold,551.465576171875,690.0853271484375,75.94576652343888,HOLD_ONLY
2024-10-03,2026-02-17,502,Max hold,557.8234252929688,680.9901733398438,52.48398671371045,HOLD_ONLY
2024-10-17,2026-03-02,501,Max hold,572.0975341796875,684.5106201171875,48.748011907623415,HOLD_ONLY
2024-10-31,2026-03-16,501,Max hold,558.6289672851562,667.2078857421875,41.37618723978595,HOLD_ONLY
2024-11-14,2026-03-30,501,Max hold,582.9039306640625,631.969970703125,8.937505946449399,HOLD_ONLY
2024-11-29,2026-04-13,500,Max hold,591.94189453125,686.0999755859375,38.48155031158543,HOLD_ONLY
2024-12-13,2026-04-27,500,Max hold,593.57275390625,715.1699829101562,58.834228363984906,HOLD_ONLY
2024-12-27,2026-05-11,500,Max hold,586.5021362304688,739.2999877929688,88.78731331863683,HOLD_ONLY
2017-02-14,2018-02-05,356,S1_VIX_SPIKE,201.7720642089844,232.30213928222656,100.50915387826083,S1_VIX_SPIKE
2017-03-07,2018-02-05,335,S1_VIX_SPIKE,204.62123107910156,232.30213928222656,86.89378323805417,S1_VIX_SPIKE
2017-03-28,2018-02-05,314,S1_VIX_SPIKE,204.0545959472656,232.30213928222656,100.37645788416035,S1_VIX_SPIKE
2017-04-11,2018-02-05,300,S1_VIX_SPIKE,203.8291778564453,232.30213928222656,99.19216106270751,S1_VIX_SPIKE
2017-04-25,2018-02-05,286,S1_VIX_SPIKE,206.85549926757812,232.30213928222656,103.57228694911318,S1_VIX_SPIKE
2017-05-15,2018-02-05,266,S1_VIX_SPIKE,208.3729705810547,232.30213928222656,97.3298407668747,S1_VIX_SPIKE
2017-05-30,2018-02-05,251,S1_VIX_SPIKE,209.4135284423828,232.30213928222656,95.90078319953157,S1_VIX_SPIKE
2017-06-15,2018-02-05,235,S1_VIX_SPIKE,211.38194274902344,232.30213928222656,92.61583060848919,S1_VIX_SPIKE
2017-06-29,2018-02-05,221,S1_VIX_SPIKE,210.3040313720703,232.30213928222656,100.2993338905833,S1_VIX_SPIKE
2017-07-13,2018-02-05,207,S1_VIX_SPIKE,212.97911071777344,232.30213928222656,99.58957911554307,S1_VIX_SPIKE
2017-08-07,2018-02-05,182,S1_VIX_SPIKE,215.9853515625,232.30213928222656,96.26919459419659,S1_VIX_SPIKE
2017-08-22,2018-12-21,486,S1_VIX_SPIKE,213.867919921875,215.88003540039065,-15.97150417126664,S1_VIX_SPIKE
2017-09-05,2018-12-21,472,S1_VIX_SPIKE,214.40814208984375,215.88003540039065,-18.601830399204637,S1_VIX_SPIKE
2017-10-25,2018-12-21,422,S1_VIX_SPIKE,223.55484008789065,215.88003540039065,-25.210704824025417,S1_VIX_SPIKE
2017-11-08,2018-12-21,408,S1_VIX_SPIKE,226.8999786376953,215.88003540039065,-30.184184100154937,S1_VIX_SPIKE
2017-11-22,2018-12-21,394,S1_VIX_SPIKE,227.46920776367188,215.88003540039065,-27.847329142464655,S1_VIX_SPIKE
2017-12-20,2018-12-21,366,S1_VIX_SPIKE,235.0306396484375,215.88003540039065,-34.84817585803342,S1_VIX_SPIKE
2018-01-03,2018-12-21,352,S1_VIX_SPIKE,238.0585021972656,215.88003540039065,-37.48795089648587,S1_VIX_SPIKE
2018-02-01,2018-12-21,323,S1_VIX_SPIKE,247.83709716796875,215.88003540039065,-49.64483454367271,S1_VIX_SPIKE
2018-02-15,2018-12-21,309,S1_VIX_SPIKE,240.31166076660156,215.88003540039065,-46.365754306907014,S1_VIX_SPIKE
2018-03-09,2018-12-21,287,S1_VIX_SPIKE,245.45179748535156,215.88003540039065,-47.63447217707088,S1_VIX_SPIKE
2018-03-23,2018-12-21,273,S1_VIX_SPIKE,228.03643798828125,215.88003540039065,-34.10475931649843,S1_VIX_SPIKE
2018-04-06,2018-12-21,259,S1_VIX_SPIKE,229.51222229003903,215.88003540039065,-32.02142983007273,S1_VIX_SPIKE
2018-05-09,2018-12-21,226,S1_VIX_SPIKE,238.15467834472656,215.88003540039065,-30.67048436497764,S1_VIX_SPIKE
2018-05-29,2018-12-21,206,S1_VIX_SPIKE,237.7305603027344,215.88003540039065,-29.067757062647175,S1_VIX_SPIKE
2018-06-12,2018-12-21,192,S1_VIX_SPIKE,246.47906494140625,215.88003540039065,-34.9722405318418,S1_VIX_SPIKE
2018-07-06,2019-11-18,500,Max hold,244.47906494140625,283.7499084472656,37.12578366654786,S1_VIX_SPIKE
2018-07-27,2019-12-09,500,Max hold,249.80514526367188,285.4414367675781,32.05901740824721,S1_VIX_SPIKE
2018-08-10,2019-12-23,500,Max hold,251.3495178222656,293.5525207519531,46.625561493719616,S1_VIX_SPIKE
2018-08-24,2020-01-06,500,Max hold,255.21083068847656,295.76416015625,41.404732991016566,S1_VIX_SPIKE
2018-09-07,2020-01-21,501,Max hold,255.29066467285156,302.76434326171875,50.61068441794415,S1_VIX_SPIKE
2018-09-21,2020-02-03,500,Max hold,260.3608703613281,296.2027893066406,29.49651820969037,S1_VIX_SPIKE
2018-10-05,2020-02-18,501,Max hold,256.6424865722656,307.7267150878906,62.62549972111262,S1_VIX_SPIKE
2018-11-07,2020-02-27,477,S1_VIX_SPIKE,250.57025146484375,271.8847961425781,29.03020151831614,S1_VIX_SPIKE
2018-12-03,2020-02-27,451,S1_VIX_SPIKE,249.0455017089844,271.8847961425781,34.88015210278904,S1_VIX_SPIKE
2019-02-22,2020-02-27,370,S1_VIX_SPIKE,250.3563232421875,271.8847961425781,58.4465475620338,S1_VIX_SPIKE
2019-03-11,2020-02-27,353,S1_VIX_SPIKE,249.72848510742188,271.8847961425781,60.50899297060561,S1_VIX_SPIKE
2019-03-26,2020-02-27,338,S1_VIX_SPIKE,253.24281311035156,271.8847961425781,53.07733598963576,S1_VIX_SPIKE
2019-04-09,2020-02-27,324,S1_VIX_SPIKE,258.8188781738281,271.8847961425781,46.66821521715734,S1_VIX_SPIKE
2019-04-26,2020-02-27,307,S1_VIX_SPIKE,264.3140563964844,271.8847961425781,42.145521295271614,S1_VIX_SPIKE
2019-05-10,2020-02-27,293,S1_VIX_SPIKE,259.53057861328125,271.8847961425781,47.71372486619928,S1_VIX_SPIKE
2019-06-07,2020-02-27,265,S1_VIX_SPIKE,259.1250915527344,271.8847961425781,49.833497227712016,S1_VIX_SPIKE
2019-07-01,2020-02-27,241,S1_VIX_SPIKE,267.6362609863281,271.8847961425781,46.52172156281144,S1_VIX_SPIKE
2019-07-15,2020-02-27,227,S1_VIX_SPIKE,272.24383544921875,271.8847961425781,39.6927210741785,S1_VIX_SPIKE
2019-07-29,2020-02-27,213,S1_VIX_SPIKE,272.8865661621094,271.8847961425781,41.85094067142482,S1_VIX_SPIKE
2019-08-12,2020-02-27,199,S1_VIX_SPIKE,260.76568603515625,271.8847961425781,46.34416427433814,S1_VIX_SPIKE
2019-08-29,2020-02-27,182,S1_VIX_SPIKE,264.84814453125,271.8847961425781,42.03239437019808,S1_VIX_SPIKE
2019-09-12,2020-03-10,180,S1_VIX_SPIKE,272.7326354980469,263.5777282714844,47.19267027801942,S1_VIX_SPIKE
2019-09-26,2020-03-24,180,S1_VIX_SPIKE,270.0908203125,223.5135803222656,24.953222865478484,S1_VIX_SPIKE
2019-10-11,2020-04-08,180,S1_VIX_SPIKE,269.4360656738281,251.8997039794922,17.96598433576885,S1_VIX_SPIKE
2019-10-25,2020-04-22,180,S1_VIX_SPIKE,274.2739562988281,256.56024169921875,23.002767700563837,S1_VIX_SPIKE
2019-12-02,2020-06-11,192,S1_VIX_SPIKE,283.40435791015625,276.33319091796875,37.92607744033611,S1_VIX_SPIKE
2019-12-16,2020-06-15,182,S1_VIX_SPIKE,290.5521545410156,282.2530822753906,36.875450246602966,S1_VIX_SPIKE
2020-01-09,2020-07-13,186,S1_VIX_SPIKE,298.51483154296875,290.6875915527344,33.79587231497612,S1_VIX_SPIKE
2020-01-27,2020-09-03,220,S1_VIX_SPIKE,295.63616943359375,318.8939208984375,72.09942188053435,S1_VIX_SPIKE
2020-02-10,2020-09-03,206,S1_VIX_SPIKE,305.8531799316406,318.8939208984375,63.98167392522146,S1_VIX_SPIKE
2020-02-25,2020-09-03,191,S1_VIX_SPIKE,285.720703125,318.8939208984375,52.48794132341186,S1_VIX_SPIKE
2020-06-26,2021-01-27,215,S1_VIX_SPIKE,277.0321960449219,348.551025390625,53.17192036371229,S1_VIX_SPIKE
2020-07-21,2021-01-27,190,S1_VIX_SPIKE,300.077392578125,348.551025390625,40.12911429093337,S1_VIX_SPIKE
2020-08-04,2021-02-01,181,S1_VIX_SPIKE,304.73992919921875,350.2452697753906,32.652362687058314,S1_VIX_SPIKE
2020-09-18,2021-12-01,439,S1_VIX_SPIKE,306.5067138671875,423.48828125,92.66021152980794,S1_VIX_SPIKE
2020-10-05,2021-12-01,422,S1_VIX_SPIKE,314.95166015625,423.48828125,77.17712003050774,S1_VIX_SPIKE
2020-11-05,2021-12-01,391,S1_VIX_SPIKE,324.6663513183594,423.48828125,77.60771241623378,S1_VIX_SPIKE
2020-11-24,2021-12-01,372,S1_VIX_SPIKE,336.69854736328125,423.48828125,73.06139422906543,S1_VIX_SPIKE
2020-12-08,2021-12-01,358,S1_VIX_SPIKE,343.14111328125,423.48828125,65.88887752767857,S1_VIX_SPIKE
2020-12-22,2021-12-01,344,S1_VIX_SPIKE,341.876220703125,423.48828125,56.782040224008156,S1_VIX_SPIKE
2021-01-07,2021-12-01,328,S1_VIX_SPIKE,352.9170227050781,423.48828125,48.66294174060016,S1_VIX_SPIKE
2021-01-21,2021-12-01,314,S1_VIX_SPIKE,357.70196533203125,423.48828125,42.833498130418604,S1_VIX_SPIKE
2021-02-04,2021-12-01,300,S1_VIX_SPIKE,359.517333984375,423.48828125,36.085802431773686,S1_VIX_SPIKE
2021-02-26,2021-12-01,278,S1_VIX_SPIKE,354.09002685546875,423.48828125,36.41736001581604,S1_VIX_SPIKE
2021-03-12,2021-12-01,264,S1_VIX_SPIKE,366.8438720703125,423.48828125,32.29556801320099,S1_VIX_SPIKE
2021-03-26,2021-12-01,250,S1_VIX_SPIKE,369.838623046875,423.48828125,44.17728482983536,S1_VIX_SPIKE
2021-04-26,2021-12-01,219,S1_VIX_SPIKE,390.04058837890625,423.48828125,27.33573492657798,S1_VIX_SPIKE
2021-05-10,2021-12-01,205,S1_VIX_SPIKE,390.3488464355469,423.48828125,27.04924711859694,S1_VIX_SPIKE
2021-05-24,2021-12-01,191,S1_VIX_SPIKE,391.4975891113281,423.48828125,26.197490175615446,S1_VIX_SPIKE
2021-06-07,2022-01-25,232,S1_VIX_SPIKE,394.31829833984375,409.8542785644531,10.663913820459552,S1_VIX_SPIKE
2021-06-21,2022-01-25,218,S1_VIX_SPIKE,394.3620300292969,409.8542785644531,11.946176353841697,S1_VIX_SPIKE
2021-07-07,2022-01-25,202,S1_VIX_SPIKE,407.1057739257813,409.8542785644531,3.647008571001393,S1_VIX_SPIKE
2021-07-21,2022-01-25,188,S1_VIX_SPIKE,407.1900329589844,409.8542785644531,1.2607021403556948,S1_VIX_SPIKE
2021-08-04,2022-02-23,203,S1_VIX_SPIKE,411.3411865234375,398.0436401367187,-16.93111862360641,S1_VIX_SPIKE
2021-08-18,2022-02-23,189,S1_VIX_SPIKE,411.5285949707031,398.0436401367187,-18.496245916485677,S1_VIX_SPIKE
2021-09-01,2022-02-28,180,S1_VIX_SPIKE,423.35400390625,411.8919677734375,-12.470599305443558,S1_VIX_SPIKE
2021-09-15,2022-03-14,180,S1_VIX_SPIKE,419.6808471679687,393.37408447265625,-16.049172836759737,S1_VIX_SPIKE
2021-09-29,2022-04-26,209,S1_VIX_SPIKE,408.4006042480469,393.7444458007813,-16.36778431067064,S1_VIX_SPIKE
2021-10-18,2022-04-26,190,S1_VIX_SPIKE,420.3768005371094,393.7444458007813,-18.447749758233584,S1_VIX_SPIKE
2021-11-18,2022-05-18,181,S1_VIX_SPIKE,441.5652160644531,370.8068237304687,-45.5714214819345,S1_VIX_SPIKE
2021-12-03,2022-06-13,192,S1_VIX_SPIKE,426.2332153320313,354.8526611328125,-55.7086322293573,S1_VIX_SPIKE
2021-12-17,2022-06-16,181,S1_VIX_SPIKE,433.815185546875,346.9512634277344,-58.719045128561255,S1_VIX_SPIKE
2021-12-31,2022-09-26,269,S1_VIX_SPIKE,448.05023193359375,347.6483459472656,-70.59310053218321,S1_VIX_SPIKE
2022-01-18,2022-09-26,251,S1_VIX_SPIKE,430.6266479492187,347.6483459472656,-64.47652242117296,S1_VIX_SPIKE
2022-02-01,2022-09-26,237,S1_VIX_SPIKE,427.287353515625,347.6483459472656,-61.3023557502977,S1_VIX_SPIKE
2022-03-24,2022-09-26,186,S1_VIX_SPIKE,426.2867736816406,347.6483459472656,-58.97660777459816,S1_VIX_SPIKE
2023-01-13,2024-05-28,501,Max hold,382.0209655761719,517.2222900390625,117.56530148978376,S1_VIX_SPIKE
2023-01-30,2024-06-13,500,Max hold,384.0245361328125,529.56201171875,135.84155176571866,S1_VIX_SPIKE
2023-02-13,2024-06-27,500,Max hold,395.75836181640625,535.109619140625,115.35198446537322,S1_VIX_SPIKE
2023-02-27,2024-07-11,500,Max hold,381.2828063964844,545.0114135742188,160.34625836793595,S1_VIX_SPIKE
2023-03-21,2024-08-02,500,Max hold,383.87347412109375,521.917236328125,109.69300100021498,S1_VIX_SPIKE
2023-04-05,2024-08-05,488,S1_VIX_SPIKE,392.23590087890625,506.7171630859375,96.29733201573941,S1_VIX_SPIKE
2023-04-21,2024-08-05,472,S1_VIX_SPIKE,396.6625061035156,506.7171630859375,94.7649164269079,S1_VIX_SPIKE
2023-05-05,2024-08-05,458,S1_VIX_SPIKE,397.0763244628906,506.7171630859375,92.92579902952981,S1_VIX_SPIKE
2023-05-19,2024-08-05,444,S1_VIX_SPIKE,402.8405151367187,506.7171630859375,90.25069591930009,S1_VIX_SPIKE
2023-06-02,2024-08-05,430,S1_VIX_SPIKE,411.7899169921875,506.7171630859375,93.68855809558534,S1_VIX_SPIKE
2023-06-23,2024-08-05,409,S1_VIX_SPIKE,418.4291076660156,506.7171630859375,94.18333121659104,S1_VIX_SPIKE
2023-07-07,2024-08-05,395,S1_VIX_SPIKE,423.5868835449219,506.7171630859375,91.2385737769014,S1_VIX_SPIKE
2023-07-25,2024-08-05,377,S1_VIX_SPIKE,439.9006652832031,506.7171630859375,77.35971631175997,S1_VIX_SPIKE
2023-08-10,2024-08-05,361,S1_VIX_SPIKE,430.6957702636719,506.7171630859375,82.73229565539944,S1_VIX_SPIKE
2023-08-29,2024-08-05,342,S1_VIX_SPIKE,433.8349304199219,506.7171630859375,88.99060328464253,S1_VIX_SPIKE
2023-11-03,2024-08-05,276,S1_VIX_SPIKE,421.3395690917969,506.7171630859375,111.23420528986323,S1_VIX_SPIKE
2023-12-06,2024-08-05,243,S1_VIX_SPIKE,440.7931823730469,506.7171630859375,97.7052314564174,S1_VIX_SPIKE
2024-01-03,2024-08-05,215,S1_VIX_SPIKE,456.2345581054687,506.7171630859375,82.60627209650261,S1_VIX_SPIKE
2024-01-17,2024-08-05,201,S1_VIX_SPIKE,459.6408386230469,506.7171630859375,82.6721946771078,S1_VIX_SPIKE
2024-01-31,2024-08-05,187,S1_VIX_SPIKE,469.94720458984375,506.7171630859375,74.48764792927807,S1_VIX_SPIKE
2024-02-14,2025-04-03,414,S1_VIX_SPIKE,485.2170104980469,530.6173095703125,26.145203962190184,S1_VIX_SPIKE
2024-02-28,2025-04-03,400,S1_VIX_SPIKE,492.7010192871094,530.6173095703125,22.698359217350276,S1_VIX_SPIKE
2024-03-13,2025-04-03,386,S1_VIX_SPIKE,502.1509704589844,530.6173095703125,11.689656105786781,S1_VIX_SPIKE
2024-03-27,2025-04-03,372,S1_VIX_SPIKE,510.7401123046875,530.6173095703125,7.1322699199123125,S1_VIX_SPIKE
2024-04-10,2025-04-03,358,S1_VIX_SPIKE,501.9051208496094,530.6173095703125,11.768675081568492,S1_VIX_SPIKE
2024-05-03,2025-04-03,335,S1_VIX_SPIKE,499.1423950195313,530.6173095703125,23.92125100213519,S1_VIX_SPIKE
2024-05-30,2025-04-03,308,S1_VIX_SPIKE,510.1935119628906,530.6173095703125,15.737285565864598,S1_VIX_SPIKE
2024-06-13,2025-04-03,294,S1_VIX_SPIKE,529.56201171875,530.6173095703125,2.8407344990834966,S1_VIX_SPIKE
2024-07-03,2025-04-03,274,S1_VIX_SPIKE,540.0948486328125,530.6173095703125,-3.660848554358732,S1_VIX_SPIKE
2024-07-17,2025-04-03,260,S1_VIX_SPIKE,545.4619140625,530.6173095703125,-10.287058165038145,S1_VIX_SPIKE
2024-07-31,2025-04-03,246,S1_VIX_SPIKE,539.458251953125,530.6173095703125,-5.933364259078262,S1_VIX_SPIKE
2024-08-14,2025-04-03,232,S1_VIX_SPIKE,532.5436401367188,530.6173095703125,-2.7821118788292076,S1_VIX_SPIKE
2024-09-03,2025-04-03,212,S1_VIX_SPIKE,540.7020263671875,530.6173095703125,-15.03333855774521,S1_VIX_SPIKE
2024-09-17,2025-04-03,198,S1_VIX_SPIKE,551.465576171875,530.6173095703125,-18.196516651819653,S1_VIX_SPIKE
2024-10-03,2025-04-03,182,S1_VIX_SPIKE,557.8234252929688,530.6173095703125,-23.993967606794612,S1_VIX_SPIKE
2024-10-17,2025-04-15,180,S1_VIX_SPIKE,572.0975341796875,531.5169067382812,-24.368728761335348,S1_VIX_SPIKE
2024-10-31,2026-03-16,501,Max hold,558.6289672851562,667.2078857421875,41.37618723978595,S1_VIX_SPIKE
2024-11-14,2026-03-27,498,S1_VIX_SPIKE,582.9039306640625,634.0900268554688,11.378684894043369,S1_VIX_SPIKE
2024-11-29,2026-03-27,483,S1_VIX_SPIKE,591.94189453125,634.0900268554688,7.475442301727657,S1_VIX_SPIKE
2024-12-13,2026-03-27,469,S1_VIX_SPIKE,593.57275390625,634.0900268554688,3.6594464205573995,S1_VIX_SPIKE
2024-12-27,2026-03-27,455,S1_VIX_SPIKE,586.5021362304688,634.0900268554688,9.63946573805858,S1_VIX_SPIKE
2025-01-17,2026-03-27,434,S1_VIX_SPIKE,589.0353393554688,634.0900268554688,10.965102423211178,S1_VIX_SPIKE
2025-02-03,2026-03-27,417,S1_VIX_SPIKE,589.2225341796875,634.0900268554688,11.784362539583835,S1_VIX_SPIKE
2025-02-18,2026-03-27,402,S1_VIX_SPIKE,602.7463989257812,634.0900268554688,6.442636829151875,S1_VIX_SPIKE
2025-03-04,2026-03-27,388,S1_VIX_SPIKE,568.6116333007812,634.0900268554688,23.469186557712813,S1_VIX_SPIKE
2025-03-24,2026-03-27,368,S1_VIX_SPIKE,567.5736083984375,634.0900268554688,39.168105281806085,S1_VIX_SPIKE
2025-05-16,2026-03-27,315,S1_VIX_SPIKE,587.465576171875,634.0900268554688,19.95836710740543,S1_VIX_SPIKE
2025-06-03,2026-03-27,297,S1_VIX_SPIKE,589.3341674804688,634.0900268554688,18.517709578986068,S1_VIX_SPIKE
2025-06-24,2026-03-27,276,S1_VIX_SPIKE,601.676513671875,634.0900268554688,13.748806729884647,S1_VIX_SPIKE
2025-07-17,2026-03-27,253,S1_VIX_SPIKE,622.7576293945312,634.0900268554688,2.756129397202295,S1_VIX_SPIKE
2025-08-01,2026-03-27,238,S1_VIX_SPIKE,616.4907836914062,634.0900268554688,6.053793778523817,S1_VIX_SPIKE
2025-08-15,2026-03-27,224,S1_VIX_SPIKE,638.0281372070312,634.0900268554688,-1.1842421691999896,S1_VIX_SPIKE
2025-08-29,2026-03-27,210,S1_VIX_SPIKE,639.6245727539062,634.0900268554688,-1.128720993182495,S1_VIX_SPIKE
2017-02-14,2018-02-02,353,S2_VIX_PANIC,201.7720642089844,242.441650390625,90.19890519862153,S2_VIX_PANIC
2017-03-07,2018-02-02,332,S2_VIX_PANIC,204.62123107910156,242.441650390625,73.10778461651162,S2_VIX_PANIC
2017-03-28,2018-02-02,311,S2_VIX_PANIC,204.0545959472656,242.441650390625,85.31299793729079,S2_VIX_PANIC
2017-04-11,2018-02-02,297,S2_VIX_PANIC,203.8291778564453,242.441650390625,83.4001905071349,S2_VIX_PANIC
2017-04-25,2018-02-02,283,S2_VIX_PANIC,206.85549926757812,242.441650390625,83.50946595930506,S2_VIX_PANIC
2017-05-15,2018-02-02,263,S2_VIX_PANIC,208.3729705810547,242.441650390625,75.84461122774627,S2_VIX_PANIC
2017-05-30,2018-02-02,248,S2_VIX_PANIC,209.4135284423828,242.441650390625,72.84690722126635,S2_VIX_PANIC
2017-06-15,2018-02-02,232,S2_VIX_PANIC,211.38194274902344,242.441650390625,67.2271515839925,S2_VIX_PANIC
2017-06-29,2018-02-02,218,S2_VIX_PANIC,210.3040313720703,242.441650390625,74.38263533869178,S2_VIX_PANIC
2017-07-13,2018-02-02,204,S2_VIX_PANIC,212.97911071777344,242.441650390625,70.04819492049407,S2_VIX_PANIC
2017-08-07,2018-02-05,182,S2_VIX_PANIC,215.9853515625,232.30213928222656,96.26919459419659,S2_VIX_PANIC
2017-08-22,2018-03-22,212,S2_VIX_PANIC,213.867919921875,233.00282287597656,46.72525682031577,S2_VIX_PANIC
2017-09-05,2018-03-22,198,S2_VIX_PANIC,214.40814208984375,233.00282287597656,39.5459182363741,S2_VIX_PANIC
2017-10-25,2018-10-10,350,S2_VIX_PANIC,223.55484008789065,248.15383911132812,41.38111137756666,S2_VIX_PANIC
2017-11-08,2018-10-10,336,S2_VIX_PANIC,226.8999786376953,248.15383911132812,30.916746543878055,S2_VIX_PANIC
2017-11-22,2018-10-10,322,S2_VIX_PANIC,227.46920776367188,248.15383911132812,33.11654289639319,S2_VIX_PANIC
2017-12-20,2018-10-10,294,S2_VIX_PANIC,235.0306396484375,248.15383911132812,18.57302428508438,S2_VIX_PANIC
2018-01-03,2018-10-10,280,S2_VIX_PANIC,238.0585021972656,248.15383911132812,12.627487997422929,S2_VIX_PANIC
2018-02-01,2018-10-10,251,S2_VIX_PANIC,247.83709716796875,248.15383911132812,-10.92488422389307,S2_VIX_PANIC
2018-02-15,2018-10-10,237,S2_VIX_PANIC,240.31166076660156,248.15383911132812,-7.180475666906316,S2_VIX_PANIC
2018-03-09,2018-10-10,215,S2_VIX_PANIC,245.45179748535156,248.15383911132812,-10.766837946881584,S2_VIX_PANIC
2018-03-23,2018-10-10,201,S2_VIX_PANIC,228.03643798828125,248.15383911132812,9.267479601131,S2_VIX_PANIC
2018-04-06,2018-10-10,187,S2_VIX_PANIC,229.51222229003903,248.15383911132812,11.849475832523362,S2_VIX_PANIC
2018-05-09,2018-12-20,225,S2_VIX_PANIC,238.15467834472656,220.3959045410156,-28.606683817468276,S2_VIX_PANIC
2018-05-29,2018-12-20,205,S2_VIX_PANIC,237.7305603027344,220.3959045410156,-27.056642643047557,S2_VIX_PANIC
2018-06-12,2018-12-20,191,S2_VIX_PANIC,246.47906494140625,220.3959045410156,-33.50832541869652,S2_VIX_PANIC
2018-07-06,2019-05-07,305,S2_VIX_PANIC,244.47906494140625,259.37744140625,1.192406570826204,S2_VIX_PANIC
2018-07-27,2019-05-07,284,S2_VIX_PANIC,249.80514526367188,259.37744140625,-4.8293211577214095,S2_VIX_PANIC
2018-08-10,2019-05-07,270,S2_VIX_PANIC,251.3495178222656,259.37744140625,-6.86349142361466,S2_VIX_PANIC
2018-08-24,2019-05-07,256,S2_VIX_PANIC,255.21083068847656,259.37744140625,-12.721751720296973,S2_VIX_PANIC
2018-09-07,2019-05-07,242,S2_VIX_PANIC,255.29066467285156,259.37744140625,-16.043380213961782,S2_VIX_PANIC
2018-09-21,2019-05-07,228,S2_VIX_PANIC,260.3608703613281,259.37744140625,-19.005994144332437,S2_VIX_PANIC
2018-10-05,2019-05-07,214,S2_VIX_PANIC,256.6424865722656,259.37744140625,-14.822922662296916,S2_VIX_PANIC
2018-11-07,2019-05-07,181,S2_VIX_PANIC,250.57025146484375,259.37744140625,-4.4160582035384,S2_VIX_PANIC
2018-12-03,2019-08-05,245,S2_VIX_PANIC,249.0455017089844,256.91851806640625,-1.9672962854160092,S2_VIX_PANIC
2019-02-22,2020-01-27,339,S2_VIX_PANIC,250.3563232421875,295.63616943359375,70.72077001646987,S2_VIX_PANIC
2019-03-11,2020-01-27,322,S2_VIX_PANIC,249.72848510742188,295.63616943359375,71.34952229010658,S2_VIX_PANIC
2019-03-26,2020-01-27,307,S2_VIX_PANIC,253.24281311035156,295.63616943359375,60.25392905389083,S2_VIX_PANIC
2019-04-09,2020-01-27,293,S2_VIX_PANIC,258.8188781738281,295.63616943359375,48.60026597133344,S2_VIX_PANIC
2019-04-26,2020-01-27,276,S2_VIX_PANIC,264.3140563964844,295.63616943359375,39.541061432219514,S2_VIX_PANIC
2019-05-10,2020-01-27,262,S2_VIX_PANIC,259.53057861328125,295.63616943359375,46.883266392256004,S2_VIX_PANIC
2019-06-07,2020-01-27,234,S2_VIX_PANIC,259.1250915527344,295.63616943359375,47.954051481716334,S2_VIX_PANIC
2019-07-01,2020-01-27,210,S2_VIX_PANIC,267.6362609863281,295.63616943359375,37.32884200442098,S2_VIX_PANIC
2019-07-15,2020-01-27,196,S2_VIX_PANIC,272.24383544921875,295.63616943359375,27.627028137739597,S2_VIX_PANIC
2019-07-29,2020-01-27,182,S2_VIX_PANIC,272.8865661621094,295.63616943359375,28.341540498723127,S2_VIX_PANIC
2019-08-12,2020-02-24,196,S2_VIX_PANIC,260.76568603515625,294.64923095703125,48.09793310461795,S2_VIX_PANIC
2019-08-29,2020-02-25,180,S2_VIX_PANIC,264.84814453125,285.720703125,32.73902889162132,S2_VIX_PANIC
2019-09-12,2020-03-10,180,S2_VIX_PANIC,272.7326354980469,263.5777282714844,47.19267027801942,S2_VIX_PANIC
2019-09-26,2020-04-21,208,S2_VIX_PANIC,270.0908203125,250.98974609375,16.697915253766325,S2_VIX_PANIC
2019-10-11,2020-04-21,193,S2_VIX_PANIC,269.4360656738281,250.98974609375,20.74879983662023,S2_VIX_PANIC
2019-10-25,2020-06-11,230,S2_VIX_PANIC,274.2739562988281,276.33319091796875,50.376053245327455,S2_VIX_PANIC
2019-12-02,2020-06-11,192,S2_VIX_PANIC,283.40435791015625,276.33319091796875,37.92607744033611,S2_VIX_PANIC
2019-12-16,2020-06-15,182,S2_VIX_PANIC,290.5521545410156,282.2530822753906,36.875450246602966,S2_VIX_PANIC
2020-01-09,2020-09-03,238,S2_VIX_PANIC,298.51483154296875,318.8939208984375,74.16836706924946,S2_VIX_PANIC
2020-01-27,2020-09-03,220,S2_VIX_PANIC,295.63616943359375,318.8939208984375,72.09942188053435,S2_VIX_PANIC
2020-02-10,2020-09-03,206,S2_VIX_PANIC,305.8531799316406,318.8939208984375,63.98167392522146,S2_VIX_PANIC
2020-02-25,2020-09-03,191,S2_VIX_PANIC,285.720703125,318.8939208984375,52.48794132341186,S2_VIX_PANIC
2020-06-26,2021-01-27,215,S2_VIX_PANIC,277.0321960449219,348.551025390625,53.17192036371229,S2_VIX_PANIC
2020-07-21,2021-01-27,190,S2_VIX_PANIC,300.077392578125,348.551025390625,40.12911429093337,S2_VIX_PANIC
2020-08-04,2021-02-01,181,S2_VIX_PANIC,304.73992919921875,350.2452697753906,32.652362687058314,S2_VIX_PANIC
2020-09-18,2021-05-12,236,S2_VIX_PANIC,306.5067138671875,378.64605712890625,47.39872224343368,S2_VIX_PANIC
2020-10-05,2021-05-12,219,S2_VIX_PANIC,314.95166015625,378.64605712890625,35.3571488575671,S2_VIX_PANIC
2020-11-05,2021-05-12,188,S2_VIX_PANIC,324.6663513183594,378.64605712890625,35.583691025321535,S2_VIX_PANIC
2020-11-24,2021-07-19,237,S2_VIX_PANIC,336.69854736328125,398.2133483886719,42.845875648934374,S2_VIX_PANIC
2020-12-08,2021-07-19,223,S2_VIX_PANIC,343.14111328125,398.2133483886719,36.26757115447107,S2_VIX_PANIC
2020-12-22,2021-07-19,209,S2_VIX_PANIC,341.876220703125,398.2133483886719,28.86824687892595,S2_VIX_PANIC
2021-01-07,2021-07-19,193,S2_VIX_PANIC,352.9170227050781,398.2133483886719,21.088686959530037,S2_VIX_PANIC
2021-01-21,2021-08-19,210,S2_VIX_PANIC,357.70196533203125,412.1657104492187,28.89598663541416,S2_VIX_PANIC
2021-02-04,2021-08-19,196,S2_VIX_PANIC,359.517333984375,412.1657104492187,22.546786742980967,S2_VIX_PANIC
2021-02-26,2021-09-20,206,S2_VIX_PANIC,354.09002685546875,408.01519775390625,19.054573824408113,S2_VIX_PANIC
2021-03-12,2021-09-20,192,S2_VIX_PANIC,366.8438720703125,408.01519775390625,14.454959838631003,S2_VIX_PANIC
2021-03-26,2021-11-26,245,S2_VIX_PANIC,369.838623046875,431.4503173828125,51.00195744326121,S2_VIX_PANIC
2021-04-26,2021-11-26,214,S2_VIX_PANIC,390.04058837890625,431.4503173828125,33.146831719603775,S2_VIX_PANIC
2021-05-10,2021-11-26,200,S2_VIX_PANIC,390.3488464355469,431.4503173828125,32.741221877726865,S2_VIX_PANIC
2021-05-24,2021-11-26,186,S2_VIX_PANIC,391.4975891113281,431.4503173828125,31.748686547689474,S2_VIX_PANIC
2021-06-07,2022-01-20,227,S2_VIX_PANIC,394.31829833984375,421.43853759765625,14.35267966217789,S2_VIX_PANIC
2021-06-21,2022-01-20,213,S2_VIX_PANIC,394.3620300292969,421.43853759765625,15.52771750874656,S2_VIX_PANIC
2021-07-07,2022-01-20,197,S2_VIX_PANIC,407.1057739257813,421.43853759765625,6.27390022888879,S2_VIX_PANIC
2021-07-21,2022-01-20,183,S2_VIX_PANIC,407.1900329589844,421.43853759765625,3.705596471925674,S2_VIX_PANIC
2021-08-04,2022-02-24,204,S2_VIX_PANIC,411.3411865234375,404.0338745117187,-14.236249219519696,S2_VIX_PANIC
2021-08-18,2022-02-24,190,S2_VIX_PANIC,411.5285949707031,404.0338745117187,-15.906506644046454,S2_VIX_PANIC
2021-09-01,2022-03-07,187,S2_VIX_PANIC,423.35400390625,395.6664123535156,-13.568487527408518,S2_VIX_PANIC
2021-09-15,2022-04-26,223,S2_VIX_PANIC,419.6808471679687,393.7444458007813,-22.642863897340757,S2_VIX_PANIC
2021-09-29,2022-04-26,209,S2_VIX_PANIC,408.4006042480469,393.7444458007813,-16.36778431067064,S2_VIX_PANIC
2021-10-18,2022-04-26,190,S2_VIX_PANIC,420.3768005371094,393.7444458007813,-18.447749758233584,S2_VIX_PANIC
2021-11-18,2022-06-13,207,S2_VIX_PANIC,441.5652160644531,354.8526611328125,-55.72898393460688,S2_VIX_PANIC
2021-12-03,2022-06-13,192,S2_VIX_PANIC,426.2332153320313,354.8526611328125,-55.7086322293573,S2_VIX_PANIC
2021-12-17,2022-06-16,181,S2_VIX_PANIC,433.815185546875,346.9512634277344,-58.719045128561255,S2_VIX_PANIC
2021-12-31,2022-09-26,269,S2_VIX_PANIC,448.05023193359375,347.6483459472656,-70.59310053218321,S2_VIX_PANIC
2022-01-18,2022-09-26,251,S2_VIX_PANIC,430.6266479492187,347.6483459472656,-64.47652242117296,S2_VIX_PANIC
2022-02-01,2022-09-26,237,S2_VIX_PANIC,427.287353515625,347.6483459472656,-61.3023557502977,S2_VIX_PANIC
2022-03-24,2022-09-26,186,S2_VIX_PANIC,426.2867736816406,347.6483459472656,-58.97660777459816,S2_VIX_PANIC
2023-01-13,2024-05-28,501,Max hold,382.0209655761719,517.2222900390625,117.56530148978376,S2_VIX_PANIC
2023-01-30,2024-06-13,500,Max hold,384.0245361328125,529.56201171875,135.84155176571866,S2_VIX_PANIC
2023-02-13,2024-06-27,500,Max hold,395.75836181640625,535.109619140625,115.35198446537322,S2_VIX_PANIC
2023-02-27,2024-07-11,500,Max hold,381.2828063964844,545.0114135742188,160.34625836793595,S2_VIX_PANIC
2023-03-21,2024-08-02,500,Max hold,383.87347412109375,521.917236328125,109.69300100021498,S2_VIX_PANIC
2023-04-05,2024-08-02,485,S2_VIX_PANIC,392.23590087890625,521.917236328125,103.56236219417869,S2_VIX_PANIC
2023-04-21,2024-08-02,469,S2_VIX_PANIC,396.6625061035156,521.917236328125,100.1295386960222,S2_VIX_PANIC
2023-05-05,2024-08-02,455,S2_VIX_PANIC,397.0763244628906,521.917236328125,97.3636574556884,S2_VIX_PANIC
2023-05-19,2024-08-02,441,S2_VIX_PANIC,402.8405151367187,521.917236328125,92.68368874786589,S2_VIX_PANIC
2023-06-02,2024-08-02,427,S2_VIX_PANIC,411.7899169921875,521.917236328125,93.40517719135526,S2_VIX_PANIC
2023-06-23,2024-08-02,406,S2_VIX_PANIC,418.4291076660156,521.917236328125,91.2586423399447,S2_VIX_PANIC
2023-07-07,2024-08-02,392,S2_VIX_PANIC,423.5868835449219,521.917236328125,86.09537508652593,S2_VIX_PANIC
2023-07-25,2024-08-02,374,S2_VIX_PANIC,439.9006652832031,521.917236328125,67.6113819763666,S2_VIX_PANIC
2023-08-10,2024-08-02,358,S2_VIX_PANIC,430.6957702636719,521.917236328125,74.43502754165229,S2_VIX_PANIC
2023-08-29,2024-08-02,339,S2_VIX_PANIC,433.8349304199219,521.917236328125,78.76027383531375,S2_VIX_PANIC
2023-11-03,2024-08-02,273,S2_VIX_PANIC,421.3395690917969,521.917236328125,100.81834597634685,S2_VIX_PANIC
2023-12-06,2024-08-02,240,S2_VIX_PANIC,440.7931823730469,521.917236328125,81.36914361550298,S2_VIX_PANIC
2024-01-03,2024-08-02,212,S2_VIX_PANIC,456.2345581054687,521.917236328125,62.678787359912604,S2_VIX_PANIC
2024-01-17,2024-08-02,198,S2_VIX_PANIC,459.6408386230469,521.917236328125,61.29529408605602,S2_VIX_PANIC
2024-01-31,2024-08-02,184,S2_VIX_PANIC,469.94720458984375,521.917236328125,51.052017717755284,S2_VIX_PANIC
2024-02-14,2024-09-06,205,S2_VIX_PANIC,485.2170104980469,529.2235717773438,37.58808306343124,S2_VIX_PANIC
2024-02-28,2024-09-06,191,S2_VIX_PANIC,492.7010192871094,529.2235717773438,33.856173870992926,S2_VIX_PANIC
2024-03-13,2024-12-18,280,S2_VIX_PANIC,502.1509704589844,575.9583740234375,66.32034448686515,S2_VIX_PANIC
2024-03-27,2024-12-18,266,S2_VIX_PANIC,510.7401123046875,575.9583740234375,60.33903312398598,S2_VIX_PANIC
2024-04-10,2024-12-18,252,S2_VIX_PANIC,501.9051208496094,575.9583740234375,64.01444481287982,S2_VIX_PANIC
2024-05-03,2024-12-18,229,S2_VIX_PANIC,499.1423950195313,575.9583740234375,79.19732330648964,S2_VIX_PANIC
2024-05-30,2024-12-18,202,S2_VIX_PANIC,510.1935119628906,575.9583740234375,67.5000012772126,S2_VIX_PANIC
2024-06-13,2024-12-18,188,S2_VIX_PANIC,529.56201171875,575.9583740234375,51.21952951759825,S2_VIX_PANIC
2024-07-03,2025-04-03,274,S2_VIX_PANIC,540.0948486328125,530.6173095703125,-3.660848554358732,S2_VIX_PANIC
2024-07-17,2025-04-03,260,S2_VIX_PANIC,545.4619140625,530.6173095703125,-10.287058165038145,S2_VIX_PANIC
2024-07-31,2025-04-03,246,S2_VIX_PANIC,539.458251953125,530.6173095703125,-5.933364259078262,S2_VIX_PANIC
2024-08-14,2025-04-03,232,S2_VIX_PANIC,532.5436401367188,530.6173095703125,-2.7821118788292076,S2_VIX_PANIC
2024-09-03,2025-04-03,212,S2_VIX_PANIC,540.7020263671875,530.6173095703125,-15.03333855774521,S2_VIX_PANIC
2024-09-17,2025-04-03,198,S2_VIX_PANIC,551.465576171875,530.6173095703125,-18.196516651819653,S2_VIX_PANIC
2024-10-03,2025-04-03,182,S2_VIX_PANIC,557.8234252929688,530.6173095703125,-23.993967606794612,S2_VIX_PANIC
2024-10-17,2025-10-16,364,S2_VIX_PANIC,572.0975341796875,656.8995971679688,40.409403926242334,S2_VIX_PANIC
2024-10-31,2025-10-16,350,S2_VIX_PANIC,558.6289672851562,656.8995971679688,47.42477191196347,S2_VIX_PANIC
2024-11-14,2025-10-16,336,S2_VIX_PANIC,582.9039306640625,656.8995971679688,43.015789420175004,S2_VIX_PANIC
2024-11-29,2025-10-16,321,S2_VIX_PANIC,591.94189453125,656.8995971679688,37.94036431186054,S2_VIX_PANIC
2024-12-13,2025-10-16,307,S2_VIX_PANIC,593.57275390625,656.8995971679688,32.058011265917294,S2_VIX_PANIC
2024-12-27,2025-10-16,293,S2_VIX_PANIC,586.5021362304688,656.8995971679688,37.57658093345498,S2_VIX_PANIC
2025-01-17,2025-10-16,272,S2_VIX_PANIC,589.0353393554688,656.8995971679688,37.848411122361775,S2_VIX_PANIC
2025-02-03,2025-10-16,255,S2_VIX_PANIC,589.2225341796875,656.8995971679688,37.649365648342176,S2_VIX_PANIC
2025-02-18,2025-10-16,240,S2_VIX_PANIC,602.7463989257812,656.8995971679688,31.324053167714816,S2_VIX_PANIC
2025-03-04,2025-10-16,226,S2_VIX_PANIC,568.6116333007812,656.8995971679688,48.21882239217366,S2_VIX_PANIC
2025-03-24,2025-10-16,206,S2_VIX_PANIC,567.5736083984375,656.8995971679688,65.76116569517137,S2_VIX_PANIC
2025-05-16,2025-11-18,186,S2_VIX_PANIC,587.465576171875,656.3427734375,38.537082116584,S2_VIX_PANIC
2025-06-03,2026-03-06,276,S2_VIX_PANIC,589.3341674804688,670.5487060546875,43.258927433638064,S2_VIX_PANIC
2025-06-24,2026-03-06,255,S2_VIX_PANIC,601.676513671875,670.5487060546875,37.35121717446403,S2_VIX_PANIC
2025-07-17,2026-03-06,232,S2_VIX_PANIC,622.7576293945312,670.5487060546875,24.085487806615205,S2_VIX_PANIC
2025-08-01,2026-03-06,217,S2_VIX_PANIC,616.4907836914062,670.5487060546875,27.451382127441505,S2_VIX_PANIC
2025-08-15,2026-03-06,203,S2_VIX_PANIC,638.0281372070312,670.5487060546875,18.948018572928845,S2_VIX_PANIC
2025-08-29,2026-03-06,189,S2_VIX_PANIC,639.6245727539062,670.5487060546875,18.706598439493735,S2_VIX_PANIC
2017-02-14,2018-02-08,359,S3_TREND_BREAK,201.7720642089844,226.7571563720703,73.10139598463314,S3_TREND_BREAK
2017-03-07,2018-02-08,338,S3_TREND_BREAK,204.62123107910156,226.7571563720703,60.661064425348954,S3_TREND_BREAK
2017-03-28,2018-02-08,317,S3_TREND_BREAK,204.0545959472656,226.7571563720703,72.77959383415671,S3_TREND_BREAK
2017-04-11,2018-02-08,303,S3_TREND_BREAK,203.8291778564453,226.7571563720703,71.89273220605303,S3_TREND_BREAK
2017-04-25,2018-02-08,289,S3_TREND_BREAK,206.85549926757812,226.7571563720703,74.89508375375384,S3_TREND_BREAK
2017-05-15,2018-02-08,269,S3_TREND_BREAK,208.3729705810547,226.7571563720703,69.43888068021742,S3_TREND_BREAK
2017-05-30,2018-02-08,254,S3_TREND_BREAK,209.4135284423828,226.7571563720703,68.07293673644077,S3_TREND_BREAK
2017-06-15,2018-02-08,238,S3_TREND_BREAK,211.38194274902344,226.7571563720703,64.85341930350961,S3_TREND_BREAK
2017-06-29,2018-02-08,224,S3_TREND_BREAK,210.3040313720703,226.7571563720703,71.85673665816607,S3_TREND_BREAK
2017-07-13,2018-02-08,210,S3_TREND_BREAK,212.97911071777344,226.7571563720703,70.54151843560122,S3_TREND_BREAK
2017-08-07,2018-02-08,185,S3_TREND_BREAK,215.9853515625,226.7571563720703,67.13688959740793,S3_TREND_BREAK
2017-08-22,2018-03-22,212,S3_TREND_BREAK,213.867919921875,233.00282287597656,46.72525682031577,S3_TREND_BREAK
2017-09-05,2018-03-22,198,S3_TREND_BREAK,214.40814208984375,233.00282287597656,39.5459182363741,S3_TREND_BREAK
2017-10-25,2018-10-11,351,S3_TREND_BREAK,223.55484008789065,242.6878967285156,31.99628624653875,S3_TREND_BREAK
2017-11-08,2018-10-11,337,S3_TREND_BREAK,226.8999786376953,242.6878967285156,22.55322309419074,S3_TREND_BREAK
2017-11-22,2018-10-11,323,S3_TREND_BREAK,227.46920776367188,242.6878967285156,24.832739560491877,S3_TREND_BREAK
2017-12-20,2018-10-11,295,S3_TREND_BREAK,235.0306396484375,242.6878967285156,11.936390266188598,S3_TREND_BREAK
2018-01-03,2018-10-11,281,S3_TREND_BREAK,238.0585021972656,242.6878967285156,6.660439067865405,S3_TREND_BREAK
2018-02-01,2018-10-11,252,S3_TREND_BREAK,247.83709716796875,242.6878967285156,-14.842439621875448,S3_TREND_BREAK
2018-02-15,2018-10-11,238,S3_TREND_BREAK,240.31166076660156,242.6878967285156,-11.600758777525003,S3_TREND_BREAK
2018-03-09,2018-10-11,216,S3_TREND_BREAK,245.45179748535156,242.6878967285156,-14.572049179567603,S3_TREND_BREAK
2018-03-23,2018-10-11,202,S3_TREND_BREAK,228.03643798828125,242.6878967285156,3.7773524886832206,S3_TREND_BREAK
2018-04-06,2018-10-11,188,S3_TREND_BREAK,229.51222229003903,242.6878967285156,6.446155846535806,S3_TREND_BREAK
2018-05-09,2018-11-05,180,S3_TREND_BREAK,238.15467834472656,243.7756500244141,-0.647116302438078,S3_TREND_BREAK
2018-05-29,2018-11-26,181,S3_TREND_BREAK,237.7305603027344,238.523681640625,-10.155258168124323,S3_TREND_BREAK
2018-06-12,2018-12-10,181,S3_TREND_BREAK,246.47906494140625,235.46522521972656,-22.537967171411143,S3_TREND_BREAK
2018-07-06,2019-01-02,180,S3_TREND_BREAK,244.47906494140625,224.38253784179688,-37.49288232616139,S3_TREND_BREAK
2018-07-27,2019-05-31,308,S3_TREND_BREAK,249.80514526367188,247.9727783203125,-27.431827010968103,S3_TREND_BREAK
2018-08-10,2019-05-31,294,S3_TREND_BREAK,251.3495178222656,247.9727783203125,-28.79074481362785,S3_TREND_BREAK
2018-08-24,2019-05-31,280,S3_TREND_BREAK,255.21083068847656,247.9727783203125,-33.49705100861852,S3_TREND_BREAK
2018-09-07,2019-05-31,266,S3_TREND_BREAK,255.29066467285156,247.9727783203125,-35.724655927579505,S3_TREND_BREAK
2018-09-21,2019-05-31,252,S3_TREND_BREAK,260.3608703613281,247.9727783203125,-38.29314658573536,S3_TREND_BREAK
2018-10-05,2019-05-31,238,S3_TREND_BREAK,256.6424865722656,247.9727783203125,-34.449493802418736,S3_TREND_BREAK
2018-11-07,2019-05-31,205,S3_TREND_BREAK,250.57025146484375,247.9727783203125,-24.98262121461018,S3_TREND_BREAK
2018-12-03,2019-06-03,182,S3_TREND_BREAK,249.0455017089844,247.34226989746097,-22.829472488763393,S3_TREND_BREAK
2019-02-22,2019-08-23,182,S3_TREND_BREAK,250.3563232421875,257.8509216308594,5.584447639140859,S3_TREND_BREAK
2019-03-11,2020-02-25,351,S3_TREND_BREAK,249.72848510742188,285.720703125,61.17504905723301,S3_TREND_BREAK
2019-03-26,2020-02-25,336,S3_TREND_BREAK,253.24281311035156,285.720703125,51.978603800883775,S3_TREND_BREAK
2019-04-09,2020-02-25,322,S3_TREND_BREAK,258.8188781738281,285.720703125,42.875015526308445,S3_TREND_BREAK
2019-04-26,2020-02-25,305,S3_TREND_BREAK,264.3140563964844,285.720703125,36.06010142702388,S3_TREND_BREAK
2019-05-10,2020-02-25,291,S3_TREND_BREAK,259.53057861328125,285.720703125,42.52602161420986,S3_TREND_BREAK
2019-06-07,2020-02-25,263,S3_TREND_BREAK,259.1250915527344,285.720703125,44.14784196078609,S3_TREND_BREAK
2019-07-01,2020-02-25,239,S3_TREND_BREAK,267.6362609863281,285.720703125,37.00697914569235,S3_TREND_BREAK
2019-07-15,2020-02-25,225,S3_TREND_BREAK,272.24383544921875,285.720703125,28.87797678727094,S3_TREND_BREAK
2019-07-29,2020-02-25,211,S3_TREND_BREAK,272.8865661621094,285.720703125,30.242562882187045,S3_TREND_BREAK
2019-08-12,2020-02-25,197,S3_TREND_BREAK,260.76568603515625,285.720703125,38.52188548717883,S3_TREND_BREAK
2019-08-29,2020-02-25,180,S3_TREND_BREAK,264.84814453125,285.720703125,32.73902889162132,S3_TREND_BREAK
2019-09-12,2020-03-10,180,S3_TREND_BREAK,272.7326354980469,263.5777282714844,47.19267027801942,S3_TREND_BREAK
2019-09-26,2020-03-24,180,S3_TREND_BREAK,270.0908203125,223.5135803222656,24.953222865478484,S3_TREND_BREAK
2019-10-11,2020-04-08,180,S3_TREND_BREAK,269.4360656738281,251.8997039794922,17.96598433576885,S3_TREND_BREAK
2019-10-25,2020-09-23,334,S3_TREND_BREAK,274.2739562988281,299.0816955566406,55.349850193643576,S3_TREND_BREAK
2019-12-02,2020-09-23,296,S3_TREND_BREAK,283.40435791015625,299.0816955566406,40.37784035166969,S3_TREND_BREAK
2019-12-16,2020-09-23,282,S3_TREND_BREAK,290.5521545410156,299.0816955566406,38.8085876792889,S3_TREND_BREAK
2020-01-09,2020-09-23,258,S3_TREND_BREAK,298.51483154296875,299.0816955566406,31.576309103224848,S3_TREND_BREAK
2020-01-27,2020-09-23,240,S3_TREND_BREAK,295.63616943359375,299.0816955566406,31.05229960897792,S3_TREND_BREAK
2020-02-10,2020-09-23,226,S3_TREND_BREAK,305.8531799316406,299.0816955566406,23.64607593248367,S3_TREND_BREAK
2020-02-25,2020-09-23,211,S3_TREND_BREAK,285.720703125,299.0816955566406,18.239012782948823,S3_TREND_BREAK
2020-06-26,2021-10-04,465,S3_TREND_BREAK,277.0321960449219,402.93902587890625,98.02387081597256,S3_TREND_BREAK
2020-07-21,2021-10-04,440,S3_TREND_BREAK,300.077392578125,402.93902587890625,75.95770840634177,S3_TREND_BREAK
2020-08-04,2021-10-04,426,S3_TREND_BREAK,304.73992919921875,402.93902587890625,67.54963984762232,S3_TREND_BREAK
2020-09-18,2021-10-04,381,S3_TREND_BREAK,306.5067138671875,402.93902587890625,63.804487189218705,S3_TREND_BREAK
2020-10-05,2021-10-04,364,S3_TREND_BREAK,314.95166015625,402.93902587890625,49.50864850358533,S3_TREND_BREAK
2020-11-05,2021-10-04,333,S3_TREND_BREAK,324.6663513183594,402.93902587890625,48.42162500470904,S3_TREND_BREAK
2020-11-24,2021-10-04,314,S3_TREND_BREAK,336.69854736328125,402.93902587890625,42.812891210928306,S3_TREND_BREAK
2020-12-08,2021-10-04,300,S3_TREND_BREAK,343.14111328125,402.93902587890625,36.01835946411668,S3_TREND_BREAK
2020-12-22,2021-10-04,286,S3_TREND_BREAK,341.876220703125,402.93902587890625,28.742626505191605,S3_TREND_BREAK
2021-01-07,2021-10-04,270,S3_TREND_BREAK,352.9170227050781,402.93902587890625,20.59359342560263,S3_TREND_BREAK
2021-01-21,2021-10-04,256,S3_TREND_BREAK,357.70196533203125,402.93902587890625,15.233900316898383,S3_TREND_BREAK
2021-02-04,2021-10-04,242,S3_TREND_BREAK,359.517333984375,402.93902587890625,9.582399443305354,S3_TREND_BREAK
2021-02-26,2021-10-04,220,S3_TREND_BREAK,354.09002685546875,402.93902587890625,10.703473138110734,S3_TREND_BREAK
2021-03-12,2021-10-04,206,S3_TREND_BREAK,366.8438720703125,402.93902587890625,5.785815450854114,S3_TREND_BREAK
2021-03-26,2021-10-04,192,S3_TREND_BREAK,369.838623046875,402.93902587890625,14.937858001585793,S3_TREND_BREAK
2021-04-26,2022-01-20,269,S3_TREND_BREAK,390.04058837890625,421.43853759765625,12.8135743075949,S3_TREND_BREAK
2021-05-10,2022-01-20,255,S3_TREND_BREAK,390.3488464355469,421.43853759765625,12.68304740615291,S3_TREND_BREAK
2021-05-24,2022-01-20,241,S3_TREND_BREAK,391.4975891113281,421.43853759765625,11.933285319592612,S3_TREND_BREAK
2021-06-07,2022-01-20,227,S3_TREND_BREAK,394.31829833984375,421.43853759765625,14.35267966217789,S3_TREND_BREAK
2021-06-21,2022-01-20,213,S3_TREND_BREAK,394.3620300292969,421.43853759765625,15.52771750874656,S3_TREND_BREAK
2021-07-07,2022-01-20,197,S3_TREND_BREAK,407.1057739257813,421.43853759765625,6.27390022888879,S3_TREND_BREAK
2021-07-21,2022-01-20,183,S3_TREND_BREAK,407.1900329589844,421.43853759765625,3.705596471925674,S3_TREND_BREAK
2021-08-04,2022-02-03,183,S3_TREND_BREAK,411.3411865234375,421.297119140625,-2.908174113547277,S3_TREND_BREAK
2021-08-18,2022-02-14,180,S3_TREND_BREAK,411.5285949707031,414.146484375,-7.820941644517088,S3_TREND_BREAK
2021-09-01,2022-02-28,180,S3_TREND_BREAK,423.35400390625,411.8919677734375,-12.470599305443558,S3_TREND_BREAK
2021-09-15,2022-03-14,180,S3_TREND_BREAK,419.6808471679687,393.37408447265625,-16.049172836759737,S3_TREND_BREAK
2021-09-29,2022-04-26,209,S3_TREND_BREAK,408.4006042480469,393.7444458007813,-16.36778431067064,S3_TREND_BREAK
2021-10-18,2022-04-26,190,S3_TREND_BREAK,420.3768005371094,393.7444458007813,-18.447749758233584,S3_TREND_BREAK
2021-11-18,2022-05-17,180,S3_TREND_BREAK,441.5652160644531,386.3825073242187,-44.0604381223115,S3_TREND_BREAK
2021-12-03,2022-06-01,180,S3_TREND_BREAK,426.2332153320313,387.5842895507813,-46.501720332488574,S3_TREND_BREAK
2021-12-17,2022-06-15,180,S3_TREND_BREAK,433.815185546875,358.8269958496094,-57.4054467293066,S3_TREND_BREAK
2021-12-31,2022-06-29,180,S3_TREND_BREAK,448.05023193359375,361.46044921875,-61.34402091294611,S3_TREND_BREAK
2022-01-18,2022-09-15,240,S3_TREND_BREAK,430.6266479492187,370.7550048828125,-58.23591707675685,S3_TREND_BREAK
2022-02-01,2022-09-15,226,S3_TREND_BREAK,427.287353515625,370.7550048828125,-54.638055633678185,S3_TREND_BREAK
2022-03-24,2022-09-20,180,S3_TREND_BREAK,426.2867736816406,366.5237121582031,-54.96034343800471,S3_TREND_BREAK
2023-01-13,2023-09-21,251,S3_TREND_BREAK,382.0209655761719,418.1409912109375,2.318880250542206,S3_TREND_BREAK
2023-01-30,2023-09-21,234,S3_TREND_BREAK,384.0245361328125,418.1409912109375,2.8424194399605915,S3_TREND_BREAK
2023-02-13,2023-09-21,220,S3_TREND_BREAK,395.75836181640625,418.1409912109375,-11.933642292273593,S3_TREND_BREAK
2023-02-27,2023-09-21,206,S3_TREND_BREAK,381.2828063964844,418.1409912109375,6.4227668863982235,S3_TREND_BREAK
2023-03-21,2023-09-21,184,S3_TREND_BREAK,383.87347412109375,418.1409912109375,-1.439734263442445,S3_TREND_BREAK
2023-04-05,2023-10-02,180,S3_TREND_BREAK,392.23590087890625,414.186279296875,-8.718502899593854,S3_TREND_BREAK
2023-04-21,2023-10-20,182,S3_TREND_BREAK,396.6625061035156,408.2542419433594,-8.788102340527468,S3_TREND_BREAK
2023-05-05,2024-08-05,458,S3_TREND_BREAK,397.0763244628906,506.7171630859375,92.92579902952981,S3_TREND_BREAK
2023-05-19,2024-08-05,444,S3_TREND_BREAK,402.8405151367187,506.7171630859375,90.25069591930009,S3_TREND_BREAK
2023-06-02,2024-08-05,430,S3_TREND_BREAK,411.7899169921875,506.7171630859375,93.68855809558534,S3_TREND_BREAK
2023-06-23,2024-08-05,409,S3_TREND_BREAK,418.4291076660156,506.7171630859375,94.18333121659104,S3_TREND_BREAK
2023-07-07,2024-08-05,395,S3_TREND_BREAK,423.5868835449219,506.7171630859375,91.2385737769014,S3_TREND_BREAK
2023-07-25,2024-08-05,377,S3_TREND_BREAK,439.9006652832031,506.7171630859375,77.35971631175997,S3_TREND_BREAK
2023-08-10,2024-08-05,361,S3_TREND_BREAK,430.6957702636719,506.7171630859375,82.73229565539944,S3_TREND_BREAK
2023-08-29,2024-08-05,342,S3_TREND_BREAK,433.8349304199219,506.7171630859375,88.99060328464253,S3_TREND_BREAK
2023-11-03,2024-08-05,276,S3_TREND_BREAK,421.3395690917969,506.7171630859375,111.23420528986323,S3_TREND_BREAK
2023-12-06,2024-08-05,243,S3_TREND_BREAK,440.7931823730469,506.7171630859375,97.7052314564174,S3_TREND_BREAK
2024-01-03,2024-08-05,215,S3_TREND_BREAK,456.2345581054687,506.7171630859375,82.60627209650261,S3_TREND_BREAK
2024-01-17,2024-08-05,201,S3_TREND_BREAK,459.6408386230469,506.7171630859375,82.6721946771078,S3_TREND_BREAK
2024-01-31,2024-08-05,187,S3_TREND_BREAK,469.94720458984375,506.7171630859375,74.48764792927807,S3_TREND_BREAK
2024-02-14,2025-03-04,384,S3_TREND_BREAK,485.2170104980469,568.6116333007812,63.243116737593276,S3_TREND_BREAK
2024-02-28,2025-03-04,370,S3_TREND_BREAK,492.7010192871094,568.6116333007812,58.3600387557227,S3_TREND_BREAK
2024-03-13,2025-03-04,356,S3_TREND_BREAK,502.1509704589844,568.6116333007812,43.727503274842825,S3_TREND_BREAK
2024-03-27,2025-03-04,342,S3_TREND_BREAK,510.7401123046875,568.6116333007812,37.36155782538739,S3_TREND_BREAK
2024-04-10,2025-03-04,328,S3_TREND_BREAK,501.9051208496094,568.6116333007812,42.14946589058361,S3_TREND_BREAK
2024-05-03,2025-03-04,305,S3_TREND_BREAK,499.1423950195313,568.6116333007812,56.13216575469268,S3_TREND_BREAK
2024-05-30,2025-03-04,278,S3_TREND_BREAK,510.1935119628906,568.6116333007812,44.69082447525168,S3_TREND_BREAK
2024-06-13,2025-03-04,264,S3_TREND_BREAK,529.56201171875,568.6116333007812,28.09845625952117,S3_TREND_BREAK
2024-07-03,2025-03-04,244,S3_TREND_BREAK,540.0948486328125,568.6116333007812,19.12517998374874,S3_TREND_BREAK
2024-07-17,2025-03-04,230,S3_TREND_BREAK,545.4619140625,568.6116333007812,10.35797394415555,S3_TREND_BREAK
2024-07-31,2025-03-04,216,S3_TREND_BREAK,539.458251953125,568.6116333007812,15.237289824972471,S3_TREND_BREAK
2024-08-14,2025-03-04,202,S3_TREND_BREAK,532.5436401367188,568.6116333007812,18.637861098879455,S3_TREND_BREAK
2024-09-03,2025-03-04,182,S3_TREND_BREAK,540.7020263671875,568.6116333007812,3.002180179963642,S3_TREND_BREAK
2024-09-17,2025-03-17,181,S3_TREND_BREAK,551.465576171875,559.0404052734375,-12.971921495491676,S3_TREND_BREAK
2024-10-03,2025-04-01,180,S3_TREND_BREAK,557.8234252929688,554.6121215820312,-22.24910064910755,S3_TREND_BREAK
2024-10-17,2025-04-15,180,S3_TREND_BREAK,572.0975341796875,531.5169067382812,-24.368728761335348,S3_TREND_BREAK
2024-10-31,2026-03-12,497,S3_TREND_BREAK,558.6289672851562,664.2459106445312,41.39637811802203,S3_TREND_BREAK
2024-11-14,2026-03-12,483,S3_TREND_BREAK,582.9039306640625,664.2459106445312,35.364503242750025,S3_TREND_BREAK
2024-11-29,2026-03-12,468,S3_TREND_BREAK,591.94189453125,664.2459106445312,30.25990701757262,S3_TREND_BREAK
2024-12-13,2026-03-12,454,S3_TREND_BREAK,593.57275390625,664.2459106445312,25.00979780271539,S3_TREND_BREAK
2024-12-27,2026-03-12,440,S3_TREND_BREAK,586.5021362304688,664.2459106445312,31.235903205884192,S3_TREND_BREAK
2025-01-17,2026-03-12,419,S3_TREND_BREAK,589.0353393554688,664.2459106445312,31.960140082305788,S3_TREND_BREAK
2025-02-03,2026-03-12,402,S3_TREND_BREAK,589.2225341796875,664.2459106445312,32.23242930756431,S3_TREND_BREAK
2025-02-18,2026-03-12,387,S3_TREND_BREAK,602.7463989257812,664.2459106445312,25.729083573309563,S3_TREND_BREAK
2025-03-04,2026-03-12,373,S3_TREND_BREAK,568.6116333007812,664.2459106445312,44.26772887625873,S3_TREND_BREAK
2025-03-24,2026-03-12,353,S3_TREND_BREAK,567.5736083984375,664.2459106445312,61.831991818146335,S3_TREND_BREAK
2025-05-16,2026-03-12,300,S3_TREND_BREAK,587.465576171875,664.2459106445312,38.34725240241426,S3_TREND_BREAK
2025-06-03,2026-03-12,282,S3_TREND_BREAK,589.3341674804688,664.2459106445312,36.2340646984836,S3_TREND_BREAK
2025-06-24,2026-03-12,261,S3_TREND_BREAK,601.676513671875,664.2459106445312,30.382013280691023,S3_TREND_BREAK
2025-07-17,2026-03-12,238,S3_TREND_BREAK,622.7576293945312,664.2459106445312,17.41221515317742,S3_TREND_BREAK
2025-08-01,2026-03-12,223,S3_TREND_BREAK,616.4907836914062,664.2459106445312,20.821435538560603,S3_TREND_BREAK
2025-08-15,2026-03-12,209,S3_TREND_BREAK,638.0281372070312,664.2459106445312,12.352947244450247,S3_TREND_BREAK
2025-08-29,2026-03-12,195,S3_TREND_BREAK,639.6245727539062,664.2459106445312,12.143225793219896,S3_TREND_BREAK
2017-02-14,2018-06-29,500,Max hold,201.7720642089844,240.80416870117188,71.00930856881494,S4_DEATH_CROSS
2017-03-07,2018-07-20,500,Max hold,204.62123107910156,248.2604522705078,76.15008021610363,S4_DEATH_CROSS
2017-03-28,2018-08-10,500,Max hold,204.0545959472656,251.3495178222656,98.14233752151237,S4_DEATH_CROSS
2017-04-11,2018-08-24,500,Max hold,203.8291778564453,255.21083068847656,108.56734216701153,S4_DEATH_CROSS
2017-04-25,2018-09-07,500,Max hold,206.85549926757812,255.29066467285156,108.31237223681411,S4_DEATH_CROSS
2017-05-15,2018-09-27,500,Max hold,208.3729705810547,259.20172119140625,110.41365957031918,S4_DEATH_CROSS
2017-05-30,2018-10-12,500,Max hold,209.4135284423828,246.0583038330078,63.033873411204475,S4_DEATH_CROSS
2017-06-15,2018-10-29,501,Max hold,211.38194274902344,235.2779541015625,26.29669013339204,S4_DEATH_CROSS
2017-06-29,2018-11-12,501,Max hold,210.3040313720703,243.0444793701172,51.726887448260385,S4_DEATH_CROSS
2017-07-13,2018-11-26,501,Max hold,212.97911071777344,238.523681640625,31.45476718524713,S4_DEATH_CROSS
2017-08-07,2018-12-12,492,S4_DEATH_CROSS,215.9853515625,236.70465087890625,20.20552082610529,S4_DEATH_CROSS
2017-08-22,2018-12-12,477,S4_DEATH_CROSS,213.867919921875,236.70465087890625,24.82021187305185,S4_DEATH_CROSS
2017-09-05,2018-12-12,463,S4_DEATH_CROSS,214.40814208984375,236.70465087890625,19.323666303778715,S4_DEATH_CROSS
2017-10-25,2018-12-12,413,S4_DEATH_CROSS,223.55484008789065,236.70465087890625,5.462582793202865,S4_DEATH_CROSS
2017-11-08,2018-12-12,399,S4_DEATH_CROSS,226.8999786376953,236.70465087890625,-2.6896019681827177,S4_DEATH_CROSS
2017-11-22,2018-12-12,385,S4_DEATH_CROSS,227.46920776367188,236.70465087890625,-0.45372086220967683,S4_DEATH_CROSS
2017-12-20,2018-12-12,357,S4_DEATH_CROSS,235.0306396484375,236.70465087890625,-12.340587998409369,S4_DEATH_CROSS
2018-01-03,2018-12-12,343,S4_DEATH_CROSS,238.0585021972656,236.70465087890625,-16.91529618578052,S4_DEATH_CROSS
2018-02-01,2018-12-12,314,S4_DEATH_CROSS,247.83709716796875,236.70465087890625,-35.16583927279866,S4_DEATH_CROSS
2018-02-15,2018-12-12,300,S4_DEATH_CROSS,240.31166076660156,236.70465087890625,-30.61403118557042,S4_DEATH_CROSS
2018-03-09,2018-12-12,278,S4_DEATH_CROSS,245.45179748535156,236.70465087890625,-33.49605916729815,S4_DEATH_CROSS
2018-03-23,2018-12-12,264,S4_DEATH_CROSS,228.03643798828125,236.70465087890625,-15.027431007318201,S4_DEATH_CROSS
2018-04-06,2018-12-12,250,S4_DEATH_CROSS,229.51222229003903,236.70465087890625,-13.03580023710856,S4_DEATH_CROSS
2018-05-09,2018-12-12,217,S4_DEATH_CROSS,238.15467834472656,236.70465087890625,-13.320664933035737,S4_DEATH_CROSS
2018-05-29,2018-12-12,197,S4_DEATH_CROSS,237.7305603027344,236.70465087890625,-11.968384231332662,S4_DEATH_CROSS
2018-06-12,2018-12-12,183,S4_DEATH_CROSS,246.47906494140625,236.70465087890625,-20.669485496788127,S4_DEATH_CROSS
2018-07-06,2019-01-02,180,S4_DEATH_CROSS,244.47906494140625,224.38253784179688,-37.49288232616139,S4_DEATH_CROSS
2018-07-27,2019-01-23,180,S4_DEATH_CROSS,249.80514526367188,236.2483367919922,-31.65928500164602,S4_DEATH_CROSS
2018-08-10,2019-02-06,180,S4_DEATH_CROSS,251.3495178222656,244.6162872314453,-28.466174915819597,S4_DEATH_CROSS
2018-08-24,2019-02-20,180,S4_DEATH_CROSS,255.21083068847656,249.70159912109375,-29.097244169303217,S4_DEATH_CROSS
2018-09-07,2019-03-06,180,S4_DEATH_CROSS,255.29066467285156,248.73294067382812,-32.221401677036596,S4_DEATH_CROSS
2018-09-21,2019-03-20,180,S4_DEATH_CROSS,260.3608703613281,253.63009643554688,-30.32556703453888,S4_DEATH_CROSS
2018-10-05,2020-02-18,501,Max hold,256.6424865722656,307.7267150878906,62.62549972111262,S4_DEATH_CROSS
2018-11-07,2020-03-23,502,Max hold,250.57025146484375,204.94485473632812,-36.13369757646129,S4_DEATH_CROSS
2018-12-03,2020-03-31,484,S4_DEATH_CROSS,249.0455017089844,236.93446350097656,-1.9365748225377486,S4_DEATH_CROSS
2019-02-22,2020-03-31,403,S4_DEATH_CROSS,250.3563232421875,236.93446350097656,23.664083263556165,S4_DEATH_CROSS
2019-03-11,2020-03-31,386,S4_DEATH_CROSS,249.72848510742188,236.93446350097656,26.705093477106573,S4_DEATH_CROSS
2019-03-26,2020-03-31,371,S4_DEATH_CROSS,253.24281311035156,236.93446350097656,22.386453440882136,S4_DEATH_CROSS
2019-04-09,2020-03-31,357,S4_DEATH_CROSS,258.8188781738281,236.93446350097656,19.106066367599635,S4_DEATH_CROSS
2019-04-26,2020-03-31,340,S4_DEATH_CROSS,264.3140563964844,236.93446350097656,17.307732035956793,S4_DEATH_CROSS
2019-05-10,2020-03-31,326,S4_DEATH_CROSS,259.53057861328125,236.93446350097656,22.14333450798848,S4_DEATH_CROSS
2019-06-07,2020-03-31,298,S4_DEATH_CROSS,259.1250915527344,236.93446350097656,25.40304045762303,S4_DEATH_CROSS
2019-07-01,2020-03-31,274,S4_DEATH_CROSS,267.6362609863281,236.93446350097656,25.47332967616342,S4_DEATH_CROSS
2019-07-15,2020-03-31,260,S4_DEATH_CROSS,272.24383544921875,236.93446350097656,21.013602695595523,S4_DEATH_CROSS
2019-07-29,2020-03-31,246,S4_DEATH_CROSS,272.8865661621094,236.93446350097656,23.73160827219599,S4_DEATH_CROSS
2019-08-12,2020-03-31,232,S4_DEATH_CROSS,260.76568603515625,236.93446350097656,26.11561823165676,S4_DEATH_CROSS
2019-08-29,2020-03-31,215,S4_DEATH_CROSS,264.84814453125,236.93446350097656,23.81224877489721,S4_DEATH_CROSS
2019-09-12,2020-03-31,201,S4_DEATH_CROSS,272.7326354980469,236.93446350097656,21.543319421072507,S4_DEATH_CROSS
2019-09-26,2020-03-31,187,S4_DEATH_CROSS,270.0908203125,236.93446350097656,21.82195652826166,S4_DEATH_CROSS
2019-10-11,2020-04-08,180,S4_DEATH_CROSS,269.4360656738281,251.8997039794922,17.96598433576885,S4_DEATH_CROSS
2019-10-25,2020-04-22,180,S4_DEATH_CROSS,274.2739562988281,256.56024169921875,23.002767700563837,S4_DEATH_CROSS
2019-12-02,2020-06-01,182,S4_DEATH_CROSS,283.40435791015625,280.8742370605469,23.07141488398208,S4_DEATH_CROSS
2019-12-16,2020-06-15,182,S4_DEATH_CROSS,290.5521545410156,282.2530822753906,36.875450246602966,S4_DEATH_CROSS
2020-01-09,2021-05-24,501,Max hold,298.51483154296875,391.4975891113281,154.76245878486264,S4_DEATH_CROSS
2020-01-27,2021-06-10,500,Max hold,295.63616943359375,395.6445007324219,157.0155293478937,S4_DEATH_CROSS
2020-02-10,2021-06-24,500,Max hold,305.8531799316406,398.3350830078125,142.95038025309395,S4_DEATH_CROSS
2020-02-25,2021-07-09,500,Max hold,285.720703125,408.0989990234375,149.6668048938726,S4_DEATH_CROSS
2020-06-26,2021-11-08,500,Max hold,277.0321960449219,440.8132019042969,150.86635877146688,S4_DEATH_CROSS
2020-07-21,2021-12-03,500,Max hold,300.077392578125,426.2332153320313,109.9492040187768,S4_DEATH_CROSS
2020-08-04,2021-12-17,500,Max hold,304.73992919921875,433.815185546875,108.0411894582306,S4_DEATH_CROSS
2020-09-18,2022-01-31,500,Max hold,306.5067138671875,424.41943359375,86.57263078297419,S4_DEATH_CROSS
2020-10-05,2022-02-17,500,Max hold,314.95166015625,412.2974853515625,54.67608153807117,S4_DEATH_CROSS
2020-11-05,2022-03-16,496,S4_DEATH_CROSS,324.6663513183594,410.9391174316406,50.107174102381656,S4_DEATH_CROSS
2020-11-24,2022-03-16,477,S4_DEATH_CROSS,336.69854736328125,410.9391174316406,44.11265314957942,S4_DEATH_CROSS
2020-12-08,2022-03-16,463,S4_DEATH_CROSS,343.14111328125,410.9391174316406,37.27013433822771,S4_DEATH_CROSS
2020-12-22,2022-03-16,449,S4_DEATH_CROSS,341.876220703125,410.9391174316406,30.315048594745964,S4_DEATH_CROSS
2021-01-07,2022-03-16,433,S4_DEATH_CROSS,352.9170227050781,410.9391174316406,22.008387106374446,S4_DEATH_CROSS
2021-01-21,2022-03-16,419,S4_DEATH_CROSS,357.70196533203125,410.9391174316406,16.76364903887485,S4_DEATH_CROSS
2021-02-04,2022-03-16,405,S4_DEATH_CROSS,359.517333984375,410.9391174316406,11.317488772457809,S4_DEATH_CROSS
2021-02-26,2022-03-16,383,S4_DEATH_CROSS,354.09002685546875,410.9391174316406,13.071440446682592,S4_DEATH_CROSS
2021-03-12,2022-03-16,369,S4_DEATH_CROSS,366.8438720703125,410.9391174316406,8.141443669653858,S4_DEATH_CROSS
2021-03-26,2022-03-16,355,S4_DEATH_CROSS,369.838623046875,410.9391174316406,17.7954445221616,S4_DEATH_CROSS
2021-04-26,2022-03-16,324,S4_DEATH_CROSS,390.04058837890625,410.9391174316406,2.2214061885098917,S4_DEATH_CROSS
2021-05-10,2022-03-16,310,S4_DEATH_CROSS,390.3488464355469,410.9391174316406,2.39222697399148,S4_DEATH_CROSS
2021-05-24,2022-03-16,296,S4_DEATH_CROSS,391.4975891113281,410.9391174316406,1.9640449123124917,S4_DEATH_CROSS
2021-06-07,2022-03-16,282,S4_DEATH_CROSS,394.31829833984375,410.9391174316406,4.380848004177386,S4_DEATH_CROSS
2021-06-21,2022-03-16,268,S4_DEATH_CROSS,394.3620300292969,410.9391174316406,5.71794054360818,S4_DEATH_CROSS
2021-07-07,2022-03-16,252,S4_DEATH_CROSS,407.1057739257813,410.9391174316406,-2.6517455997468438,S4_DEATH_CROSS
2021-07-21,2022-03-16,238,S4_DEATH_CROSS,407.1900329589844,410.9391174316406,-4.769104776354959,S4_DEATH_CROSS
2021-08-04,2022-03-16,224,S4_DEATH_CROSS,411.3411865234375,410.9391174316406,-8.746888028425122,S4_DEATH_CROSS
2021-08-18,2022-03-16,210,S4_DEATH_CROSS,411.5285949707031,410.9391174316406,-10.531413673036605,S4_DEATH_CROSS
2021-09-01,2022-03-16,196,S4_DEATH_CROSS,423.35400390625,410.9391174316406,-12.683755785319736,S4_DEATH_CROSS
2021-09-15,2022-03-16,182,S4_DEATH_CROSS,419.6808471679687,410.9391174316406,-11.168552229483572,S4_DEATH_CROSS
2021-09-29,2022-03-28,180,S4_DEATH_CROSS,408.4006042480469,431.4156494140625,2.75499885872802,S4_DEATH_CROSS
2021-10-18,2022-04-18,182,S4_DEATH_CROSS,420.3768005371094,414.439453125,-13.684634345383866,S4_DEATH_CROSS
2021-11-18,2022-05-17,180,S4_DEATH_CROSS,441.5652160644531,386.3825073242187,-44.0604381223115,S4_DEATH_CROSS
2021-12-03,2022-06-01,180,S4_DEATH_CROSS,426.2332153320313,387.5842895507813,-46.501720332488574,S4_DEATH_CROSS
2021-12-17,2022-06-15,180,S4_DEATH_CROSS,433.815185546875,358.8269958496094,-57.4054467293066,S4_DEATH_CROSS
2021-12-31,2022-06-29,180,S4_DEATH_CROSS,448.05023193359375,361.46044921875,-61.34402091294611,S4_DEATH_CROSS
2022-01-18,2022-07-18,181,S4_DEATH_CROSS,430.6266479492187,362.9905090332031,-56.253792476591954,S4_DEATH_CROSS
2022-02-01,2022-08-01,181,S4_DEATH_CROSS,427.287353515625,390.3799133300781,-43.626764362672326,S4_DEATH_CROSS
2022-03-24,2022-09-20,180,S4_DEATH_CROSS,426.2867736816406,366.5237121582031,-54.96034343800471,S4_DEATH_CROSS
2023-01-13,2024-05-28,501,Max hold,382.0209655761719,517.2222900390625,117.56530148978376,S4_DEATH_CROSS
2023-01-30,2024-06-13,500,Max hold,384.0245361328125,529.56201171875,135.84155176571866,S4_DEATH_CROSS
2023-02-13,2024-06-27,500,Max hold,395.75836181640625,535.109619140625,115.35198446537322,S4_DEATH_CROSS
2023-02-27,2024-07-11,500,Max hold,381.2828063964844,545.0114135742188,160.34625836793595,S4_DEATH_CROSS
2023-03-21,2024-08-02,500,Max hold,383.87347412109375,521.917236328125,109.69300100021498,S4_DEATH_CROSS
2023-04-05,2024-08-19,502,Max hold,392.23590087890625,548.0767822265625,137.32755025695974,S4_DEATH_CROSS
2023-04-21,2024-09-03,501,Max hold,396.6625061035156,540.7020263671875,123.6434986221418,S4_DEATH_CROSS
2023-05-05,2024-09-16,500,Max hold,397.0763244628906,551.240234375,133.5324420993715,S4_DEATH_CROSS
2023-05-19,2024-09-30,500,Max hold,402.8405151367187,563.6588134765625,145.24962689970215,S4_DEATH_CROSS
2023-06-02,2024-10-14,500,Max hold,411.7899169921875,574.0328369140625,162.80363974718523,S4_DEATH_CROSS
2023-06-23,2024-11-04,500,Max hold,418.4291076660156,559.7783813476562,137.70384868266794,S4_DEATH_CROSS
2023-07-07,2024-11-18,500,Max hold,423.5868835449219,577.7955322265625,156.1169696588079,S4_DEATH_CROSS
2023-07-25,2024-12-06,500,Max hold,439.9006652832031,597.1093139648438,160.45663505842154,S4_DEATH_CROSS
2023-08-10,2024-12-23,501,Max hold,430.6957702636719,586.1865844726562,150.01537350895345,S4_DEATH_CROSS
2023-08-29,2025-01-10,500,Max hold,433.8349304199219,572.189697265625,133.7623123896878,S4_DEATH_CROSS
2023-11-03,2025-03-17,500,Max hold,421.3395690917969,559.0404052734375,132.71930026420694,S4_DEATH_CROSS
2023-12-06,2025-04-16,497,S4_DEATH_CROSS,440.7931823730469,519.7022705078125,61.8860950213589,S4_DEATH_CROSS
2024-01-03,2025-04-16,469,S4_DEATH_CROSS,456.2345581054687,519.7022705078125,45.01953619792206,S4_DEATH_CROSS
2024-01-17,2025-04-16,455,S4_DEATH_CROSS,459.6408386230469,519.7022705078125,44.25485869161433,S4_DEATH_CROSS
2024-01-31,2025-04-16,441,S4_DEATH_CROSS,469.94720458984375,519.7022705078125,34.98717257640506,S4_DEATH_CROSS
2024-02-14,2025-04-16,427,S4_DEATH_CROSS,485.2170104980469,519.7022705078125,19.249458781142348,S4_DEATH_CROSS
2024-02-28,2025-04-16,413,S4_DEATH_CROSS,492.7010192871094,519.7022705078125,16.407743631336515,S4_DEATH_CROSS
2024-03-13,2025-04-16,399,S4_DEATH_CROSS,502.1509704589844,519.7022705078125,6.380199673299107,S4_DEATH_CROSS
2024-03-27,2025-04-16,385,S4_DEATH_CROSS,510.7401123046875,519.7022705078125,2.4601224925812595,S4_DEATH_CROSS
2024-04-10,2025-04-16,371,S4_DEATH_CROSS,501.9051208496094,519.7022705078125,6.93445181855354,S4_DEATH_CROSS
2024-05-03,2025-04-16,348,S4_DEATH_CROSS,499.1423950195313,519.7022705078125,18.8799293175373,S4_DEATH_CROSS
2024-05-30,2025-04-16,321,S4_DEATH_CROSS,510.1935119628906,519.7022705078125,11.682128470118402,S4_DEATH_CROSS
2024-06-13,2025-04-16,307,S4_DEATH_CROSS,529.56201171875,519.7022705078125,-0.08887484212374015,S4_DEATH_CROSS
2024-07-03,2025-04-16,287,S4_DEATH_CROSS,540.0948486328125,519.7022705078125,-5.920130939537918,S4_DEATH_CROSS
2024-07-17,2025-04-16,273,S4_DEATH_CROSS,545.4619140625,519.7022705078125,-12.125803115796787,S4_DEATH_CROSS
2024-07-31,2025-04-16,259,S4_DEATH_CROSS,539.458251953125,519.7022705078125,-7.893462876399178,S4_DEATH_CROSS
2024-08-14,2025-04-16,245,S4_DEATH_CROSS,532.5436401367188,519.7022705078125,-4.842767854118798,S4_DEATH_CROSS
2024-09-03,2025-04-16,225,S4_DEATH_CROSS,540.7020263671875,519.7022705078125,-16.488327566333403,S4_DEATH_CROSS
2024-09-17,2025-04-16,211,S4_DEATH_CROSS,551.465576171875,519.7022705078125,-19.255282426834707,S4_DEATH_CROSS
2024-10-03,2025-04-16,195,S4_DEATH_CROSS,557.8234252929688,519.7022705078125,-24.71411559999492,S4_DEATH_CROSS
2024-10-17,2025-04-16,181,S4_DEATH_CROSS,572.0975341796875,519.7022705078125,-27.030681488900974,S4_DEATH_CROSS
2024-10-31,2025-04-29,180,S4_DEATH_CROSS,558.6289672851562,548.03759765625,-16.75237692731523,S4_DEATH_CROSS
2024-11-14,2025-05-13,180,S4_DEATH_CROSS,582.9039306640625,580.18896484375,-13.439946522417989,S4_DEATH_CROSS
2024-11-29,2025-05-28,180,S4_DEATH_CROSS,591.94189453125,581.06884765625,-13.460824797326335,S4_DEATH_CROSS
2024-12-13,2025-06-11,180,S4_DEATH_CROSS,593.57275390625,594.5443725585938,-11.905489885970356,S4_DEATH_CROSS
2024-12-27,2025-06-25,180,S4_DEATH_CROSS,586.5021362304688,602.0135498046875,-4.385851920413268,S4_DEATH_CROSS
2017-02-14,2018-06-29,500,Max hold,201.7720642089844,240.80416870117188,71.00930856881494,S5_NEW_60D_LOW
2017-03-07,2018-07-20,500,Max hold,204.62123107910156,248.2604522705078,76.15008021610363,S5_NEW_60D_LOW
2017-03-28,2018-08-10,500,Max hold,204.0545959472656,251.3495178222656,98.14233752151237,S5_NEW_60D_LOW
2017-04-11,2018-08-24,500,Max hold,203.8291778564453,255.21083068847656,108.56734216701153,S5_NEW_60D_LOW
2017-04-25,2018-09-07,500,Max hold,206.85549926757812,255.29066467285156,108.31237223681411,S5_NEW_60D_LOW
2017-05-15,2018-09-27,500,Max hold,208.3729705810547,259.20172119140625,110.41365957031918,S5_NEW_60D_LOW
2017-05-30,2018-10-10,498,S5_NEW_60D_LOW,209.4135284423828,248.15383911132812,71.80971489710608,S5_NEW_60D_LOW
2017-06-15,2018-10-10,482,S5_NEW_60D_LOW,211.38194274902344,248.15383911132812,66.01793350470132,S5_NEW_60D_LOW
2017-06-29,2018-10-10,468,S5_NEW_60D_LOW,210.3040313720703,248.15383911132812,73.77215447998012,S5_NEW_60D_LOW
2017-07-13,2018-10-10,454,S5_NEW_60D_LOW,212.97911071777344,248.15383911132812,69.01311453960288,S5_NEW_60D_LOW
2017-08-07,2018-10-10,429,S5_NEW_60D_LOW,215.9853515625,248.15383911132812,62.17719641764917,S5_NEW_60D_LOW
2017-08-22,2018-10-10,414,S5_NEW_60D_LOW,213.867919921875,248.15383911132812,65.97693474327528,S5_NEW_60D_LOW
2017-09-05,2018-10-10,400,S5_NEW_60D_LOW,214.40814208984375,248.15383911132812,57.78233772798487,S5_NEW_60D_LOW
2017-10-25,2018-10-10,350,S5_NEW_60D_LOW,223.55484008789065,248.15383911132812,41.38111137756666,S5_NEW_60D_LOW
2017-11-08,2018-10-10,336,S5_NEW_60D_LOW,226.8999786376953,248.15383911132812,30.916746543878055,S5_NEW_60D_LOW
2017-11-22,2018-10-10,322,S5_NEW_60D_LOW,227.46920776367188,248.15383911132812,33.11654289639319,S5_NEW_60D_LOW
2017-12-20,2018-10-10,294,S5_NEW_60D_LOW,235.0306396484375,248.15383911132812,18.57302428508438,S5_NEW_60D_LOW
2018-01-03,2018-10-10,280,S5_NEW_60D_LOW,238.0585021972656,248.15383911132812,12.627487997422929,S5_NEW_60D_LOW
2018-02-01,2018-10-10,251,S5_NEW_60D_LOW,247.83709716796875,248.15383911132812,-10.92488422389307,S5_NEW_60D_LOW
2018-02-15,2018-10-10,237,S5_NEW_60D_LOW,240.31166076660156,248.15383911132812,-7.180475666906316,S5_NEW_60D_LOW
2018-03-09,2018-10-10,215,S5_NEW_60D_LOW,245.45179748535156,248.15383911132812,-10.766837946881584,S5_NEW_60D_LOW
2018-03-23,2018-10-10,201,S5_NEW_60D_LOW,228.03643798828125,248.15383911132812,9.267479601131,S5_NEW_60D_LOW
2018-04-06,2018-10-10,187,S5_NEW_60D_LOW,229.51222229003903,248.15383911132812,11.849475832523362,S5_NEW_60D_LOW
2018-05-09,2018-11-23,198,S5_NEW_60D_LOW,238.15467834472656,234.7341156005859,-14.270981778760339,S5_NEW_60D_LOW
2018-05-29,2018-12-14,199,S5_NEW_60D_LOW,237.7305603027344,232.25521850585935,-18.54971755057732,S5_NEW_60D_LOW
2018-06-12,2018-12-14,185,S5_NEW_60D_LOW,246.47906494140625,232.25521850585935,-26.65338212185083,S5_NEW_60D_LOW
2018-07-06,2019-11-18,500,Max hold,244.47906494140625,283.7499084472656,37.12578366654786,S5_NEW_60D_LOW
2018-07-27,2019-12-09,500,Max hold,249.80514526367188,285.4414367675781,32.05901740824721,S5_NEW_60D_LOW
2018-08-10,2019-12-23,500,Max hold,251.3495178222656,293.5525207519531,46.625561493719616,S5_NEW_60D_LOW
2018-08-24,2020-01-06,500,Max hold,255.21083068847656,295.76416015625,41.404732991016566,S5_NEW_60D_LOW
2018-09-07,2020-01-21,501,Max hold,255.29066467285156,302.76434326171875,50.61068441794415,S5_NEW_60D_LOW
2018-09-21,2020-02-03,500,Max hold,260.3608703613281,296.2027893066406,29.49651820969037,S5_NEW_60D_LOW
2018-10-05,2020-02-18,501,Max hold,256.6424865722656,307.7267150878906,62.62549972111262,S5_NEW_60D_LOW
2018-11-07,2020-02-27,477,S5_NEW_60D_LOW,250.57025146484375,271.8847961425781,29.03020151831614,S5_NEW_60D_LOW
2018-12-03,2020-02-27,451,S5_NEW_60D_LOW,249.0455017089844,271.8847961425781,34.88015210278904,S5_NEW_60D_LOW
2019-02-22,2020-02-27,370,S5_NEW_60D_LOW,250.3563232421875,271.8847961425781,58.4465475620338,S5_NEW_60D_LOW
2019-03-11,2020-02-27,353,S5_NEW_60D_LOW,249.72848510742188,271.8847961425781,60.50899297060561,S5_NEW_60D_LOW
2019-03-26,2020-02-27,338,S5_NEW_60D_LOW,253.24281311035156,271.8847961425781,53.07733598963576,S5_NEW_60D_LOW
2019-04-09,2020-02-27,324,S5_NEW_60D_LOW,258.8188781738281,271.8847961425781,46.66821521715734,S5_NEW_60D_LOW
2019-04-26,2020-02-27,307,S5_NEW_60D_LOW,264.3140563964844,271.8847961425781,42.145521295271614,S5_NEW_60D_LOW
2019-05-10,2020-02-27,293,S5_NEW_60D_LOW,259.53057861328125,271.8847961425781,47.71372486619928,S5_NEW_60D_LOW
2019-06-07,2020-02-27,265,S5_NEW_60D_LOW,259.1250915527344,271.8847961425781,49.833497227712016,S5_NEW_60D_LOW
2019-07-01,2020-02-27,241,S5_NEW_60D_LOW,267.6362609863281,271.8847961425781,46.52172156281144,S5_NEW_60D_LOW
2019-07-15,2020-02-27,227,S5_NEW_60D_LOW,272.24383544921875,271.8847961425781,39.6927210741785,S5_NEW_60D_LOW
2019-07-29,2020-02-27,213,S5_NEW_60D_LOW,272.8865661621094,271.8847961425781,41.85094067142482,S5_NEW_60D_LOW
2019-08-12,2020-02-27,199,S5_NEW_60D_LOW,260.76568603515625,271.8847961425781,46.34416427433814,S5_NEW_60D_LOW
2019-08-29,2020-02-27,182,S5_NEW_60D_LOW,264.84814453125,271.8847961425781,42.03239437019808,S5_NEW_60D_LOW
2019-09-12,2020-03-12,182,S5_NEW_60D_LOW,272.7326354980469,226.7397003173828,67.60885818225117,S5_NEW_60D_LOW
2019-09-26,2021-02-08,501,Max hold,270.0908203125,363.5390319824219,153.7039086277256,S5_NEW_60D_LOW
2019-10-11,2021-02-22,500,Max hold,269.4360656738281,360.29937744140625,152.25134551560996,S5_NEW_60D_LOW
2019-10-25,2021-03-08,500,Max hold,274.2739562988281,355.3561706542969,137.86890092124736,S5_NEW_60D_LOW
2019-12-02,2021-04-15,500,Max hold,283.40435791015625,388.4154968261719,174.03691769991062,S5_NEW_60D_LOW
2019-12-16,2021-04-29,500,Max hold,290.5521545410156,392.328857421875,177.49585155921872,S5_NEW_60D_LOW
2020-01-09,2021-05-24,501,Max hold,298.51483154296875,391.4975891113281,154.76245878486264,S5_NEW_60D_LOW
2020-01-27,2021-06-10,500,Max hold,295.63616943359375,395.6445007324219,157.0155293478937,S5_NEW_60D_LOW
2020-02-10,2021-06-24,500,Max hold,305.8531799316406,398.3350830078125,142.95038025309395,S5_NEW_60D_LOW
2020-02-25,2021-07-09,500,Max hold,285.720703125,408.0989990234375,149.6668048938726,S5_NEW_60D_LOW
2020-06-26,2021-11-08,500,Max hold,277.0321960449219,440.8132019042969,150.86635877146688,S5_NEW_60D_LOW
2020-07-21,2021-12-03,500,Max hold,300.077392578125,426.2332153320313,109.9492040187768,S5_NEW_60D_LOW
2020-08-04,2021-12-17,500,Max hold,304.73992919921875,433.815185546875,108.0411894582306,S5_NEW_60D_LOW
2020-09-18,2022-01-20,489,S5_NEW_60D_LOW,306.5067138671875,421.43853759765625,83.47582577452964,S5_NEW_60D_LOW
2020-10-05,2022-01-20,472,S5_NEW_60D_LOW,314.95166015625,421.43853759765625,67.65021981071907,S5_NEW_60D_LOW
2020-11-05,2022-01-20,441,S5_NEW_60D_LOW,324.6663513183594,421.43853759765625,66.60437343713411,S5_NEW_60D_LOW
2020-11-24,2022-01-20,422,S5_NEW_60D_LOW,336.69854736328125,421.43853759765625,60.60715761139313,S5_NEW_60D_LOW
2020-12-08,2022-01-20,408,S5_NEW_60D_LOW,343.14111328125,421.43853759765625,53.100603378682784,S5_NEW_60D_LOW
2020-12-22,2022-01-20,394,S5_NEW_60D_LOW,341.876220703125,421.43853759765625,44.86610364401648,S5_NEW_60D_LOW
2021-01-07,2022-01-20,378,S5_NEW_60D_LOW,352.9170227050781,421.43853759765625,35.960528525363024,S5_NEW_60D_LOW
2021-01-21,2022-01-20,364,S5_NEW_60D_LOW,357.70196533203125,421.43853759765625,30.039929166200697,S5_NEW_60D_LOW
2021-02-04,2022-01-20,350,S5_NEW_60D_LOW,359.517333984375,421.43853759765625,23.71864630355008,S5_NEW_60D_LOW
2021-02-26,2022-01-20,328,S5_NEW_60D_LOW,354.09002685546875,421.43853759765625,24.840153098666566,S5_NEW_60D_LOW
2021-03-12,2022-01-20,314,S5_NEW_60D_LOW,366.8438720703125,421.43853759765625,19.635069397280976,S5_NEW_60D_LOW
2021-03-26,2022-01-20,300,S5_NEW_60D_LOW,369.838623046875,421.43853759765625,30.087058833267697,S5_NEW_60D_LOW
2021-04-26,2022-01-20,269,S5_NEW_60D_LOW,390.04058837890625,421.43853759765625,12.8135743075949,S5_NEW_60D_LOW
2021-05-10,2022-01-20,255,S5_NEW_60D_LOW,390.3488464355469,421.43853759765625,12.68304740615291,S5_NEW_60D_LOW
2021-05-24,2022-01-20,241,S5_NEW_60D_LOW,391.4975891113281,421.43853759765625,11.933285319592612,S5_NEW_60D_LOW
2021-06-07,2022-01-20,227,S5_NEW_60D_LOW,394.31829833984375,421.43853759765625,14.35267966217789,S5_NEW_60D_LOW
2021-06-21,2022-01-20,213,S5_NEW_60D_LOW,394.3620300292969,421.43853759765625,15.52771750874656,S5_NEW_60D_LOW
2021-07-07,2022-01-20,197,S5_NEW_60D_LOW,407.1057739257813,421.43853759765625,6.27390022888879,S5_NEW_60D_LOW
2021-07-21,2022-01-20,183,S5_NEW_60D_LOW,407.1900329589844,421.43853759765625,3.705596471925674,S5_NEW_60D_LOW
2021-08-04,2022-02-22,202,S5_NEW_60D_LOW,411.3411865234375,405.23193359375,-14.939863914410253,S5_NEW_60D_LOW
2021-08-18,2022-02-22,188,S5_NEW_60D_LOW,411.5285949707031,405.23193359375,-16.618596108159053,S5_NEW_60D_LOW
2021-09-01,2022-03-07,187,S5_NEW_60D_LOW,423.35400390625,395.6664123535156,-13.568487527408518,S5_NEW_60D_LOW
2021-09-15,2022-04-29,226,S5_NEW_60D_LOW,419.6808471679687,389.86474609375,-25.375329194121786,S5_NEW_60D_LOW
2021-09-29,2022-04-29,212,S5_NEW_60D_LOW,408.4006042480469,389.86474609375,-19.208044781963537,S5_NEW_60D_LOW
2021-10-18,2022-04-29,193,S5_NEW_60D_LOW,420.3768005371094,389.86474609375,-21.223950550580454,S5_NEW_60D_LOW
2021-11-18,2022-05-18,181,S5_NEW_60D_LOW,441.5652160644531,370.8068237304687,-45.5714214819345,S5_NEW_60D_LOW
2021-12-03,2022-06-13,192,S5_NEW_60D_LOW,426.2332153320313,354.8526611328125,-55.7086322293573,S5_NEW_60D_LOW
2021-12-17,2022-06-16,181,S5_NEW_60D_LOW,433.815185546875,346.9512634277344,-58.719045128561255,S5_NEW_60D_LOW
2021-12-31,2022-09-22,265,S5_NEW_60D_LOW,448.05023193359375,357.10516357421875,-71.08378460595983,S5_NEW_60D_LOW
2022-01-18,2022-09-22,247,S5_NEW_60D_LOW,430.6266479492187,357.10516357421875,-64.720326353046,S5_NEW_60D_LOW
2022-02-01,2022-09-22,233,S5_NEW_60D_LOW,427.287353515625,357.10516357421875,-61.5084813506694,S5_NEW_60D_LOW
2022-03-24,2022-09-22,182,S5_NEW_60D_LOW,426.2867736816406,357.10516357421875,-59.290916990695294,S5_NEW_60D_LOW
2023-01-13,2023-09-21,251,S5_NEW_60D_LOW,382.0209655761719,418.1409912109375,2.318880250542206,S5_NEW_60D_LOW
2023-01-30,2023-09-21,234,S5_NEW_60D_LOW,384.0245361328125,418.1409912109375,2.8424194399605915,S5_NEW_60D_LOW
2023-02-13,2023-09-21,220,S5_NEW_60D_LOW,395.75836181640625,418.1409912109375,-11.933642292273593,S5_NEW_60D_LOW
2023-02-27,2023-09-21,206,S5_NEW_60D_LOW,381.2828063964844,418.1409912109375,6.4227668863982235,S5_NEW_60D_LOW
2023-03-21,2023-09-21,184,S5_NEW_60D_LOW,383.87347412109375,418.1409912109375,-1.439734263442445,S5_NEW_60D_LOW
2023-04-05,2023-10-03,181,S5_NEW_60D_LOW,392.23590087890625,408.6419372558594,-10.749070269328246,S5_NEW_60D_LOW
2023-04-21,2023-10-20,182,S5_NEW_60D_LOW,396.6625061035156,408.2542419433594,-8.788102340527468,S5_NEW_60D_LOW
2023-05-05,2024-08-05,458,S5_NEW_60D_LOW,397.0763244628906,506.7171630859375,92.92579902952981,S5_NEW_60D_LOW
2023-05-19,2024-08-05,444,S5_NEW_60D_LOW,402.8405151367187,506.7171630859375,90.25069591930009,S5_NEW_60D_LOW
2023-06-02,2024-08-05,430,S5_NEW_60D_LOW,411.7899169921875,506.7171630859375,93.68855809558534,S5_NEW_60D_LOW
2023-06-23,2024-08-05,409,S5_NEW_60D_LOW,418.4291076660156,506.7171630859375,94.18333121659104,S5_NEW_60D_LOW
2023-07-07,2024-08-05,395,S5_NEW_60D_LOW,423.5868835449219,506.7171630859375,91.2385737769014,S5_NEW_60D_LOW
2023-07-25,2024-08-05,377,S5_NEW_60D_LOW,439.9006652832031,506.7171630859375,77.35971631175997,S5_NEW_60D_LOW
2023-08-10,2024-08-05,361,S5_NEW_60D_LOW,430.6957702636719,506.7171630859375,82.73229565539944,S5_NEW_60D_LOW
2023-08-29,2024-08-05,342,S5_NEW_60D_LOW,433.8349304199219,506.7171630859375,88.99060328464253,S5_NEW_60D_LOW
2023-11-03,2024-08-05,276,S5_NEW_60D_LOW,421.3395690917969,506.7171630859375,111.23420528986323,S5_NEW_60D_LOW
2023-12-06,2024-08-05,243,S5_NEW_60D_LOW,440.7931823730469,506.7171630859375,97.7052314564174,S5_NEW_60D_LOW
2024-01-03,2024-08-05,215,S5_NEW_60D_LOW,456.2345581054687,506.7171630859375,82.60627209650261,S5_NEW_60D_LOW
2024-01-17,2024-08-05,201,S5_NEW_60D_LOW,459.6408386230469,506.7171630859375,82.6721946771078,S5_NEW_60D_LOW
2024-01-31,2024-08-05,187,S5_NEW_60D_LOW,469.94720458984375,506.7171630859375,74.48764792927807,S5_NEW_60D_LOW
2024-02-14,2025-03-04,384,S5_NEW_60D_LOW,485.2170104980469,568.6116333007812,63.243116737593276,S5_NEW_60D_LOW
2024-02-28,2025-03-04,370,S5_NEW_60D_LOW,492.7010192871094,568.6116333007812,58.3600387557227,S5_NEW_60D_LOW
2024-03-13,2025-03-04,356,S5_NEW_60D_LOW,502.1509704589844,568.6116333007812,43.727503274842825,S5_NEW_60D_LOW
2024-03-27,2025-03-04,342,S5_NEW_60D_LOW,510.7401123046875,568.6116333007812,37.36155782538739,S5_NEW_60D_LOW
2024-04-10,2025-03-04,328,S5_NEW_60D_LOW,501.9051208496094,568.6116333007812,42.14946589058361,S5_NEW_60D_LOW
2024-05-03,2025-03-04,305,S5_NEW_60D_LOW,499.1423950195313,568.6116333007812,56.13216575469268,S5_NEW_60D_LOW
2024-05-30,2025-03-04,278,S5_NEW_60D_LOW,510.1935119628906,568.6116333007812,44.69082447525168,S5_NEW_60D_LOW
2024-06-13,2025-03-04,264,S5_NEW_60D_LOW,529.56201171875,568.6116333007812,28.09845625952117,S5_NEW_60D_LOW
2024-07-03,2025-03-04,244,S5_NEW_60D_LOW,540.0948486328125,568.6116333007812,19.12517998374874,S5_NEW_60D_LOW
2024-07-17,2025-03-04,230,S5_NEW_60D_LOW,545.4619140625,568.6116333007812,10.35797394415555,S5_NEW_60D_LOW
2024-07-31,2025-03-04,216,S5_NEW_60D_LOW,539.458251953125,568.6116333007812,15.237289824972471,S5_NEW_60D_LOW
2024-08-14,2025-03-04,202,S5_NEW_60D_LOW,532.5436401367188,568.6116333007812,18.637861098879455,S5_NEW_60D_LOW
2024-09-03,2025-03-04,182,S5_NEW_60D_LOW,540.7020263671875,568.6116333007812,3.002180179963642,S5_NEW_60D_LOW
2024-09-17,2025-04-03,198,S5_NEW_60D_LOW,551.465576171875,530.6173095703125,-18.196516651819653,S5_NEW_60D_LOW
2024-10-03,2025-04-03,182,S5_NEW_60D_LOW,557.8234252929688,530.6173095703125,-23.993967606794612,S5_NEW_60D_LOW
2024-10-17,2026-03-02,501,Max hold,572.0975341796875,684.5106201171875,48.748011907623415,S5_NEW_60D_LOW
2024-10-31,2026-03-12,497,S5_NEW_60D_LOW,558.6289672851562,664.2459106445312,41.39637811802203,S5_NEW_60D_LOW
2024-11-14,2026-03-12,483,S5_NEW_60D_LOW,582.9039306640625,664.2459106445312,35.364503242750025,S5_NEW_60D_LOW
2024-11-29,2026-03-12,468,S5_NEW_60D_LOW,591.94189453125,664.2459106445312,30.25990701757262,S5_NEW_60D_LOW
2024-12-13,2026-03-12,454,S5_NEW_60D_LOW,593.57275390625,664.2459106445312,25.00979780271539,S5_NEW_60D_LOW
2024-12-27,2026-03-12,440,S5_NEW_60D_LOW,586.5021362304688,664.2459106445312,31.235903205884192,S5_NEW_60D_LOW
2025-01-17,2026-03-12,419,S5_NEW_60D_LOW,589.0353393554688,664.2459106445312,31.960140082305788,S5_NEW_60D_LOW
2025-02-03,2026-03-12,402,S5_NEW_60D_LOW,589.2225341796875,664.2459106445312,32.23242930756431,S5_NEW_60D_LOW
2025-02-18,2026-03-12,387,S5_NEW_60D_LOW,602.7463989257812,664.2459106445312,25.729083573309563,S5_NEW_60D_LOW
2025-03-04,2026-03-12,373,S5_NEW_60D_LOW,568.6116333007812,664.2459106445312,44.26772887625873,S5_NEW_60D_LOW
2025-03-24,2026-03-12,353,S5_NEW_60D_LOW,567.5736083984375,664.2459106445312,61.831991818146335,S5_NEW_60D_LOW
2025-05-16,2026-03-12,300,S5_NEW_60D_LOW,587.465576171875,664.2459106445312,38.34725240241426,S5_NEW_60D_LOW
2025-06-03,2026-03-12,282,S5_NEW_60D_LOW,589.3341674804688,664.2459106445312,36.2340646984836,S5_NEW_60D_LOW
2025-06-24,2026-03-12,261,S5_NEW_60D_LOW,601.676513671875,664.2459106445312,30.382013280691023,S5_NEW_60D_LOW
2025-07-17,2026-03-12,238,S5_NEW_60D_LOW,622.7576293945312,664.2459106445312,17.41221515317742,S5_NEW_60D_LOW
2025-08-01,2026-03-12,223,S5_NEW_60D_LOW,616.4907836914062,664.2459106445312,20.821435538560603,S5_NEW_60D_LOW
2025-08-15,2026-03-12,209,S5_NEW_60D_LOW,638.0281372070312,664.2459106445312,12.352947244450247,S5_NEW_60D_LOW
2025-08-29,2026-03-12,195,S5_NEW_60D_LOW,639.6245727539062,664.2459106445312,12.143225793219896,S5_NEW_60D_LOW
2017-02-14,2017-08-18,185,S6_MACD_BEAR,201.7720642089844,211.4890899658203,6.061651981071949,S6_MACD_BEAR
2017-03-07,2018-02-08,338,S6_MACD_BEAR,204.62123107910156,226.7571563720703,60.661064425348954,S6_MACD_BEAR
2017-03-28,2018-02-08,317,S6_MACD_BEAR,204.0545959472656,226.7571563720703,72.77959383415671,S6_MACD_BEAR
2017-04-11,2018-02-08,303,S6_MACD_BEAR,203.8291778564453,226.7571563720703,71.89273220605303,S6_MACD_BEAR
2017-04-25,2018-02-08,289,S6_MACD_BEAR,206.85549926757812,226.7571563720703,74.89508375375384,S6_MACD_BEAR
2017-05-15,2018-02-08,269,S6_MACD_BEAR,208.3729705810547,226.7571563720703,69.43888068021742,S6_MACD_BEAR
2017-05-30,2018-02-08,254,S6_MACD_BEAR,209.4135284423828,226.7571563720703,68.07293673644077,S6_MACD_BEAR
2017-06-15,2018-02-08,238,S6_MACD_BEAR,211.38194274902344,226.7571563720703,64.85341930350961,S6_MACD_BEAR
2017-06-29,2018-02-08,224,S6_MACD_BEAR,210.3040313720703,226.7571563720703,71.85673665816607,S6_MACD_BEAR
2017-07-13,2018-02-08,210,S6_MACD_BEAR,212.97911071777344,226.7571563720703,70.54151843560122,S6_MACD_BEAR
2017-08-07,2018-02-08,185,S6_MACD_BEAR,215.9853515625,226.7571563720703,67.13688959740793,S6_MACD_BEAR
2017-08-22,2018-02-28,190,S6_MACD_BEAR,213.867919921875,239.09698486328125,61.91087954182697,S6_MACD_BEAR
2017-09-05,2018-03-05,181,S6_MACD_BEAR,214.40814208984375,239.5723419189453,53.186818718992335,S6_MACD_BEAR
2017-10-25,2018-04-24,181,S6_MACD_BEAR,223.55484008789065,232.3930206298828,13.602730938685747,S6_MACD_BEAR
2017-11-08,2018-06-29,233,S6_MACD_BEAR,226.8999786376953,240.80416870117188,15.522459062345256,S6_MACD_BEAR
2017-11-22,2018-06-29,219,S6_MACD_BEAR,227.46920776367188,240.80416870117188,17.417268097843973,S6_MACD_BEAR
2017-12-20,2018-06-29,191,S6_MACD_BEAR,235.0306396484375,240.80416870117188,3.5511652978922488,S6_MACD_BEAR
2018-01-03,2018-07-02,180,S6_MACD_BEAR,238.0585021972656,241.3189392089844,-1.5659817768540185,S6_MACD_BEAR
2018-02-01,2018-10-10,251,S6_MACD_BEAR,247.83709716796875,248.15383911132812,-10.92488422389307,S6_MACD_BEAR
2018-02-15,2018-10-10,237,S6_MACD_BEAR,240.31166076660156,248.15383911132812,-7.180475666906316,S6_MACD_BEAR
2018-03-09,2018-10-10,215,S6_MACD_BEAR,245.45179748535156,248.15383911132812,-10.766837946881584,S6_MACD_BEAR
2018-03-23,2018-10-10,201,S6_MACD_BEAR,228.03643798828125,248.15383911132812,9.267479601131,S6_MACD_BEAR
2018-04-06,2018-10-10,187,S6_MACD_BEAR,229.51222229003903,248.15383911132812,11.849475832523362,S6_MACD_BEAR
2018-05-09,2019-05-14,370,S6_MACD_BEAR,238.15467834472656,255.29660034179688,-1.046858936628168,S6_MACD_BEAR
2018-05-29,2019-05-14,350,S6_MACD_BEAR,237.7305603027344,255.29660034179688,0.3200310316186299,S6_MACD_BEAR
2018-06-12,2019-05-14,336,S6_MACD_BEAR,246.47906494140625,255.29660034179688,-11.928150011455676,S6_MACD_BEAR
2018-07-06,2019-05-14,312,S6_MACD_BEAR,244.47906494140625,255.29660034179688,-8.549294087915642,S6_MACD_BEAR
2018-07-27,2019-05-14,291,S6_MACD_BEAR,249.80514526367188,255.29660034179688,-14.35598125643047,S6_MACD_BEAR
2018-08-10,2019-05-14,277,S6_MACD_BEAR,251.3495178222656,255.29660034179688,-16.1471066022995,S6_MACD_BEAR
2018-08-24,2019-05-14,263,S6_MACD_BEAR,255.21083068847656,255.29660034179688,-21.630139333158837,S6_MACD_BEAR
2018-09-07,2019-05-14,249,S6_MACD_BEAR,255.29066467285156,255.29660034179688,-24.496235011396436,S6_MACD_BEAR
2018-09-21,2019-05-14,235,S6_MACD_BEAR,260.3608703613281,255.29660034179688,-27.417724664158094,S6_MACD_BEAR
2018-10-05,2019-05-14,221,S6_MACD_BEAR,256.6424865722656,255.29660034179688,-23.325111268353325,S6_MACD_BEAR
2018-11-07,2019-05-14,188,S6_MACD_BEAR,250.57025146484375,255.29660034179688,-13.212925231401565,S6_MACD_BEAR
2018-12-03,2019-08-05,245,S6_MACD_BEAR,249.0455017089844,256.91851806640625,-1.9672962854160092,S6_MACD_BEAR
2019-02-22,2019-10-03,223,S6_MACD_BEAR,250.3563232421875,264.1070556640625,14.981215425516826,S6_MACD_BEAR
2019-03-11,2019-10-03,206,S6_MACD_BEAR,249.72848510742188,264.1070556640625,16.058910144753906,S6_MACD_BEAR
2019-03-26,2019-10-03,191,S6_MACD_BEAR,253.24281311035156,264.1070556640625,8.76616663995945,S6_MACD_BEAR
2019-04-09,2019-10-07,181,S6_MACD_BEAR,258.8188781738281,266.5260009765625,2.9040157261177697,S6_MACD_BEAR
2019-04-26,2020-02-26,306,S6_MACD_BEAR,264.3140563964844,284.6697998046875,32.97380297338235,S6_MACD_BEAR
2019-05-10,2020-02-26,292,S6_MACD_BEAR,259.53057861328125,284.6697998046875,39.4449045394177,S6_MACD_BEAR
2019-06-07,2020-02-26,264,S6_MACD_BEAR,259.1250915527344,284.6697998046875,41.11174289934575,S6_MACD_BEAR
2019-07-01,2020-02-26,240,S6_MACD_BEAR,267.6362609863281,284.6697998046875,33.911756548009876,S6_MACD_BEAR
2019-07-15,2020-02-26,226,S6_MACD_BEAR,272.24383544921875,284.6697998046875,25.885099887503788,S6_MACD_BEAR
2019-07-29,2020-02-26,212,S6_MACD_BEAR,272.8865661621094,284.6697998046875,27.217215765712073,S6_MACD_BEAR
2019-08-12,2020-02-26,198,S6_MACD_BEAR,260.76568603515625,284.6697998046875,35.652774566642826,S6_MACD_BEAR
2019-08-29,2020-02-26,181,S6_MACD_BEAR,264.84814453125,284.6697998046875,29.9149385772063,S6_MACD_BEAR
2019-09-12,2020-09-21,375,S6_MACD_BEAR,272.7326354980469,303.0954284667969,53.35545160537058,S6_MACD_BEAR
2019-09-26,2020-09-21,361,S6_MACD_BEAR,270.0908203125,303.0954284667969,54.555833119211215,S6_MACD_BEAR
2019-10-11,2020-09-21,346,S6_MACD_BEAR,269.4360656738281,303.0954284667969,59.62884051779487,S6_MACD_BEAR
2019-10-25,2020-09-21,332,S6_MACD_BEAR,274.2739562988281,303.0954284667969,59.88969756934392,S6_MACD_BEAR
2019-12-02,2020-09-21,294,S6_MACD_BEAR,283.40435791015625,303.0954284667969,44.083861073515465,S6_MACD_BEAR
2019-12-16,2020-09-21,280,S6_MACD_BEAR,290.5521545410156,303.0954284667969,42.25800651173979,S6_MACD_BEAR
2020-01-09,2020-09-21,256,S6_MACD_BEAR,298.51483154296875,303.0954284667969,34.56715198841092,S6_MACD_BEAR
2020-01-27,2020-09-21,238,S6_MACD_BEAR,295.63616943359375,303.0954284667969,33.97505585881231,S6_MACD_BEAR
2020-02-10,2020-09-21,224,S6_MACD_BEAR,305.8531799316406,303.0954284667969,26.166679782919644,S6_MACD_BEAR
2020-02-25,2020-09-21,209,S6_MACD_BEAR,285.720703125,303.0954284667969,20.87469973026964,S6_MACD_BEAR
2020-06-26,2021-03-08,255,S6_MACD_BEAR,277.0321960449219,355.3561706542969,50.311355558544335,S6_MACD_BEAR
2020-07-21,2021-03-08,230,S6_MACD_BEAR,300.077392578125,355.3561706542969,34.62836587017614,S6_MACD_BEAR
2020-08-04,2021-03-08,216,S6_MACD_BEAR,304.73992919921875,355.3561706542969,28.836723107599667,S6_MACD_BEAR
2020-09-18,2021-09-20,367,S6_MACD_BEAR,306.5067138671875,408.01519775390625,72.95245411991917,S6_MACD_BEAR
2020-10-05,2021-09-20,350,S6_MACD_BEAR,314.95166015625,408.01519775390625,58.39097954146849,S6_MACD_BEAR
2020-11-05,2021-09-20,319,S6_MACD_BEAR,324.6663513183594,408.01519775390625,57.887869026171565,S6_MACD_BEAR
2020-11-24,2021-09-20,300,S6_MACD_BEAR,336.69854736328125,408.01519775390625,52.755892456333385,S6_MACD_BEAR
2020-12-08,2021-09-20,286,S6_MACD_BEAR,343.14111328125,408.01519775390625,45.874686541002866,S6_MACD_BEAR
2020-12-22,2021-09-20,272,S6_MACD_BEAR,341.876220703125,408.01519775390625,37.935329564440686,S6_MACD_BEAR
2021-01-07,2021-09-20,256,S6_MACD_BEAR,352.9170227050781,408.01519775390625,29.87041953060211,S6_MACD_BEAR
2021-01-21,2021-09-20,242,S6_MACD_BEAR,357.70196533203125,408.01519775390625,24.357378180122886,S6_MACD_BEAR
2021-02-04,2021-09-20,228,S6_MACD_BEAR,359.517333984375,408.01519775390625,18.313567102975092,S6_MACD_BEAR
2021-02-26,2021-09-20,206,S6_MACD_BEAR,354.09002685546875,408.01519775390625,19.054573824408113,S6_MACD_BEAR
2021-03-12,2021-09-20,192,S6_MACD_BEAR,366.8438720703125,408.01519775390625,14.454959838631003,S6_MACD_BEAR
2021-03-26,2021-09-22,180,S6_MACD_BEAR,369.838623046875,411.6061706542969,23.09982370038341,S6_MACD_BEAR
2021-04-26,2021-12-03,221,S6_MACD_BEAR,390.04058837890625,426.2332153320313,31.18733133662472,S6_MACD_BEAR
2021-05-10,2021-12-03,207,S6_MACD_BEAR,390.3488464355469,426.2332153320313,30.868891014987256,S6_MACD_BEAR
2021-05-24,2021-12-03,193,S6_MACD_BEAR,391.4975891113281,426.2332153320313,29.98689594966453,S6_MACD_BEAR
2021-06-07,2021-12-06,182,S6_MACD_BEAR,394.31829833984375,431.2812194824219,33.46985329322242,S6_MACD_BEAR
2021-06-21,2022-01-18,211,S6_MACD_BEAR,394.3620300292969,430.6266479492187,21.840961510664382,S6_MACD_BEAR
2021-07-07,2022-01-18,195,S6_MACD_BEAR,407.1057739257813,430.6266479492187,11.903093376015846,S6_MACD_BEAR
2021-07-21,2022-01-18,181,S6_MACD_BEAR,407.1900329589844,430.6266479492187,9.097212518412052,S6_MACD_BEAR
2021-08-04,2022-04-21,260,S6_MACD_BEAR,411.3411865234375,414.524658203125,-14.432312114869598,S6_MACD_BEAR
2021-08-18,2022-04-21,246,S6_MACD_BEAR,411.5285949707031,414.524658203125,-16.10169354275519,S6_MACD_BEAR
2021-09-01,2022-04-21,232,S6_MACD_BEAR,423.35400390625,414.524658203125,-18.71301470344752,S6_MACD_BEAR
2021-09-15,2022-04-21,218,S6_MACD_BEAR,419.6808471679687,414.524658203125,-17.04764268729127,S6_MACD_BEAR
2021-09-29,2022-04-21,204,S6_MACD_BEAR,408.4006042480469,414.524658203125,-9.978685782522193,S6_MACD_BEAR
2021-10-18,2022-04-21,185,S6_MACD_BEAR,420.3768005371094,414.524658203125,-12.987062837873733,S6_MACD_BEAR
2021-11-18,2022-08-31,286,S6_MACD_BEAR,441.5652160644531,375.5638122558594,-63.18006189035291,S6_MACD_BEAR
2021-12-03,2022-08-31,271,S6_MACD_BEAR,426.2332153320313,375.5638122558594,-61.68305108484089,S6_MACD_BEAR
2021-12-17,2022-08-31,257,S6_MACD_BEAR,433.815185546875,375.5638122558594,-60.91388652083045,S6_MACD_BEAR
2021-12-31,2022-08-31,243,S6_MACD_BEAR,448.05023193359375,375.5638122558594,-62.931226214161676,S6_MACD_BEAR
2022-01-18,2022-08-31,225,S6_MACD_BEAR,430.6266479492187,375.5638122558594,-55.48515252510836,S6_MACD_BEAR
2022-02-01,2022-08-31,211,S6_MACD_BEAR,427.287353515625,375.5638122558594,-51.75619879976349,S6_MACD_BEAR
2022-03-24,2022-12-19,270,S6_MACD_BEAR,426.2867736816406,364.3051452636719,-65.84104824730332,S6_MACD_BEAR
2023-01-13,2023-08-16,215,S6_MACD_BEAR,382.0209655761719,424.6397705078125,15.744811846849041,S6_MACD_BEAR
2023-01-30,2023-08-16,198,S6_MACD_BEAR,384.0245361328125,424.6397705078125,16.434197548363375,S6_MACD_BEAR
2023-02-13,2023-08-16,184,S6_MACD_BEAR,395.75836181640625,424.6397705078125,0.9489279973124435,S6_MACD_BEAR
2023-02-27,2023-09-20,205,S6_MACD_BEAR,381.2828063964844,425.1683044433594,12.544605832133762,S6_MACD_BEAR
2023-03-21,2023-09-20,183,S6_MACD_BEAR,383.87347412109375,425.1683044433594,4.098727323108118,S6_MACD_BEAR
2023-04-05,2024-04-16,377,S6_MACD_BEAR,392.23590087890625,491.5667724609375,66.98787625431105,S6_MACD_BEAR
2023-04-21,2024-04-16,361,S6_MACD_BEAR,396.6625061035156,491.5667724609375,63.64767361294069,S6_MACD_BEAR
2023-05-05,2024-04-16,347,S6_MACD_BEAR,397.0763244628906,491.5667724609375,61.556483786683934,S6_MACD_BEAR
2023-05-19,2024-04-16,333,S6_MACD_BEAR,402.8405151367187,491.5667724609375,57.05093106637982,S6_MACD_BEAR
2023-06-02,2024-04-16,319,S6_MACD_BEAR,411.7899169921875,491.5667724609375,56.53183447506539,S6_MACD_BEAR
2023-06-23,2024-04-16,298,S6_MACD_BEAR,418.4291076660156,491.5667724609375,54.18850813408952,S6_MACD_BEAR
2023-07-07,2024-04-16,284,S6_MACD_BEAR,423.5868835449219,491.5667724609375,49.35201056642449,S6_MACD_BEAR
2023-07-25,2024-04-16,266,S6_MACD_BEAR,439.9006652832031,491.5667724609375,32.68405442807445,S6_MACD_BEAR
2023-08-10,2024-04-16,250,S6_MACD_BEAR,430.6957702636719,491.5667724609375,39.41763503121224,S6_MACD_BEAR
2023-08-29,2024-04-16,231,S6_MACD_BEAR,433.8349304199219,491.5667724609375,42.656850772048784,S6_MACD_BEAR
2023-11-03,2024-08-01,272,S6_MACD_BEAR,421.3395690917969,531.8189697265625,108.87698943618574,S6_MACD_BEAR
2023-12-06,2024-08-01,239,S6_MACD_BEAR,440.7931823730469,531.8189697265625,87.22905284139317,S6_MACD_BEAR
2024-01-03,2024-08-01,211,S6_MACD_BEAR,456.2345581054687,531.8189697265625,66.69785010683997,S6_MACD_BEAR
2024-01-17,2024-08-01,197,S6_MACD_BEAR,459.6408386230469,531.8189697265625,64.83958342910064,S6_MACD_BEAR
2024-01-31,2024-08-01,183,S6_MACD_BEAR,469.94720458984375,531.8189697265625,53.54443049695108,S6_MACD_BEAR
2024-02-14,2024-12-31,321,S6_MACD_BEAR,485.2170104980469,577.69970703125,76.32993507251253,S6_MACD_BEAR
2024-02-28,2024-12-31,307,S6_MACD_BEAR,492.7010192871094,577.69970703125,71.12034853742927,S6_MACD_BEAR
2024-03-13,2024-12-31,293,S6_MACD_BEAR,502.1509704589844,577.69970703125,55.363748368962575,S6_MACD_BEAR
2024-03-27,2024-12-31,279,S6_MACD_BEAR,510.7401123046875,577.69970703125,48.48628241554725,S6_MACD_BEAR
2024-04-10,2024-12-31,265,S6_MACD_BEAR,501.9051208496094,577.69970703125,53.027987619782444,S6_MACD_BEAR
2024-05-03,2024-12-31,242,S6_MACD_BEAR,499.1423950195313,577.69970703125,67.46308077302889,S6_MACD_BEAR
2024-05-30,2024-12-31,215,S6_MACD_BEAR,510.1935119628906,577.69970703125,54.93494550831763,S6_MACD_BEAR
2024-06-13,2024-12-31,201,S6_MACD_BEAR,529.56201171875,577.69970703125,37.26543898527129,S6_MACD_BEAR
2024-07-03,2024-12-31,181,S6_MACD_BEAR,540.0948486328125,577.69970703125,27.401794951539326,S6_MACD_BEAR
2024-07-17,2025-02-27,225,S6_MACD_BEAR,545.4619140625,576.6844482421875,15.162126188136313,S6_MACD_BEAR
2024-07-31,2025-02-27,211,S6_MACD_BEAR,539.458251953125,576.6844482421875,20.16327131499123,S6_MACD_BEAR
2024-08-14,2025-02-27,197,S6_MACD_BEAR,532.5436401367188,576.6844482421875,23.62068787772187,S6_MACD_BEAR
2024-09-03,2025-03-03,181,S6_MACD_BEAR,540.7020263671875,575.4227294921875,7.321990926540033,S6_MACD_BEAR
2024-09-17,2025-11-19,428,S6_MACD_BEAR,551.465576171875,658.8783569335938,55.52355952057481,S6_MACD_BEAR
2024-10-03,2025-11-19,412,S6_MACD_BEAR,557.8234252929688,658.8783569335938,43.76410719763349,S6_MACD_BEAR
2024-10-17,2025-11-19,398,S6_MACD_BEAR,572.0975341796875,658.8783569335938,38.17645332824538,S6_MACD_BEAR
2024-10-31,2025-11-19,384,S6_MACD_BEAR,558.6289672851562,658.8783569335938,45.50513379313594,S6_MACD_BEAR
2024-11-14,2025-11-19,370,S6_MACD_BEAR,582.9039306640625,658.8783569335938,40.56429649708399,S6_MACD_BEAR
2024-11-29,2025-11-19,355,S6_MACD_BEAR,591.94189453125,658.8783569335938,35.408764620593395,S6_MACD_BEAR
2024-12-13,2025-11-19,341,S6_MACD_BEAR,593.57275390625,658.8783569335938,29.657560997305588,S6_MACD_BEAR
2024-12-27,2025-11-19,327,S6_MACD_BEAR,586.5021362304688,658.8783569335938,35.32552889465656,S6_MACD_BEAR
2025-01-17,2025-11-19,306,S6_MACD_BEAR,589.0353393554688,658.8783569335938,35.6418897617248,S6_MACD_BEAR
2025-02-03,2025-11-19,289,S6_MACD_BEAR,589.2225341796875,658.8783569335938,35.520341679754374,S6_MACD_BEAR
2025-02-18,2025-11-19,274,S6_MACD_BEAR,602.7463989257812,658.8783569335938,29.060293372223754,S6_MACD_BEAR
2025-03-04,2025-11-19,260,S6_MACD_BEAR,568.6116333007812,658.8783569335938,46.468813031747736,S6_MACD_BEAR
2025-03-24,2025-11-19,240,S6_MACD_BEAR,567.5736083984375,658.8783569335938,63.891125281453576,S6_MACD_BEAR
2025-05-16,2025-11-19,187,S6_MACD_BEAR,587.465576171875,658.8783569335938,39.74008875945032,S6_MACD_BEAR
2025-06-03,2026-02-13,255,S6_MACD_BEAR,589.3341674804688,679.8931884765625,42.459196055856076,S6_MACD_BEAR
2025-06-24,2026-02-13,234,S6_MACD_BEAR,601.676513671875,679.8931884765625,35.624771141038885,S6_MACD_BEAR
2025-07-17,2026-02-13,211,S6_MACD_BEAR,622.7576293945312,679.8931884765625,21.171414009752844,S6_MACD_BEAR
2025-08-01,2026-02-13,196,S6_MACD_BEAR,616.4907836914062,679.8931884765625,24.695745918491475,S6_MACD_BEAR
2025-08-15,2026-02-13,182,S6_MACD_BEAR,638.0281372070312,679.8931884765625,15.067313705138371,S6_MACD_BEAR
2025-08-29,2026-02-27,182,S6_MACD_BEAR,639.6245727539062,684.1216430664062,16.408452524786778,S6_MACD_BEAR
2017-02-14,2017-10-25,253,S7_RSI_REVERSE,201.7720642089844,223.55484008789065,31.125393527667878,S7_RSI_REVERSE
2017-03-07,2017-10-25,232,S7_RSI_REVERSE,204.62123107910156,223.55484008789065,18.238418102004402,S7_RSI_REVERSE
2017-03-28,2017-10-25,211,S7_RSI_REVERSE,204.0545959472656,223.55484008789065,27.659665809330043,S7_RSI_REVERSE
2017-04-11,2017-10-25,197,S7_RSI_REVERSE,203.8291778564453,223.55484008789065,26.6702597103771,S7_RSI_REVERSE
2017-04-25,2017-10-25,183,S7_RSI_REVERSE,206.85549926757812,223.55484008789065,25.444159666131043,S7_RSI_REVERSE
2017-05-15,2018-02-02,263,S7_RSI_REVERSE,208.3729705810547,242.441650390625,75.84461122774627,S7_RSI_REVERSE
2017-05-30,2018-02-02,248,S7_RSI_REVERSE,209.4135284423828,242.441650390625,72.84690722126635,S7_RSI_REVERSE
2017-06-15,2018-02-02,232,S7_RSI_REVERSE,211.38194274902344,242.441650390625,67.2271515839925,S7_RSI_REVERSE
2017-06-29,2018-02-02,218,S7_RSI_REVERSE,210.3040313720703,242.441650390625,74.38263533869178,S7_RSI_REVERSE
2017-07-13,2018-02-02,204,S7_RSI_REVERSE,212.97911071777344,242.441650390625,70.04819492049407,S7_RSI_REVERSE
2017-08-07,2018-05-31,297,S7_RSI_REVERSE,215.9853515625,239.42723083496097,42.35127773080793,S7_RSI_REVERSE
2017-08-22,2018-05-31,282,S7_RSI_REVERSE,213.867919921875,239.42723083496097,45.90399412867427,S7_RSI_REVERSE
2017-09-05,2018-05-31,268,S7_RSI_REVERSE,214.40814208984375,239.42723083496097,38.64985360534674,S7_RSI_REVERSE
2017-10-25,2018-05-31,218,S7_RSI_REVERSE,223.55484008789065,239.42723083496097,22.648556599637764,S7_RSI_REVERSE
2017-11-08,2018-05-31,204,S7_RSI_REVERSE,226.8999786376953,239.42723083496097,13.083446681104801,S7_RSI_REVERSE
2017-11-22,2018-05-31,190,S7_RSI_REVERSE,227.46920776367188,239.42723083496097,14.914851225531784,S7_RSI_REVERSE
2017-12-20,2018-06-25,187,S7_RSI_REVERSE,235.0306396484375,240.55563354492188,3.7613452335333,S7_RSI_REVERSE
2018-01-03,2018-07-30,208,S7_RSI_REVERSE,238.0585021972656,248.5001678466797,7.328491453224176,S7_RSI_REVERSE
2018-02-01,2019-03-07,399,S7_RSI_REVERSE,247.83709716796875,246.65223693847656,-38.57574627845827,S7_RSI_REVERSE
2018-02-15,2019-03-07,385,S7_RSI_REVERSE,240.31166076660156,246.65223693847656,-31.622616841591956,S7_RSI_REVERSE
2018-03-09,2019-03-07,363,S7_RSI_REVERSE,245.45179748535156,246.65223693847656,-35.86915841015767,S7_RSI_REVERSE
2018-03-23,2019-03-07,349,S7_RSI_REVERSE,228.03643798828125,246.65223693847656,-12.620869702204548,S7_RSI_REVERSE
2018-04-06,2019-03-07,335,S7_RSI_REVERSE,229.51222229003903,246.65223693847656,-11.21418488517342,S7_RSI_REVERSE
2018-05-09,2019-03-07,302,S7_RSI_REVERSE,238.15467834472656,246.65223693847656,-13.958319138485589,S7_RSI_REVERSE
2018-05-29,2019-03-07,282,S7_RSI_REVERSE,237.7305603027344,246.65223693847656,-12.64759529079256,S7_RSI_REVERSE
2018-06-12,2019-03-07,268,S7_RSI_REVERSE,246.47906494140625,246.65223693847656,-23.531528834723744,S7_RSI_REVERSE
2018-07-06,2019-03-07,244,S7_RSI_REVERSE,244.47906494140625,246.65223693847656,-20.41283777890325,S7_RSI_REVERSE
2018-07-27,2019-03-07,223,S7_RSI_REVERSE,249.80514526367188,246.65223693847656,-25.580882906766483,S7_RSI_REVERSE
2018-08-10,2019-03-07,209,S7_RSI_REVERSE,251.3495178222656,246.65223693847656,-27.11564251632421,S7_RSI_REVERSE
2018-08-24,2019-03-07,195,S7_RSI_REVERSE,255.21083068847656,246.65223693847656,-31.949991884581852,S7_RSI_REVERSE
2018-09-07,2019-03-07,181,S7_RSI_REVERSE,255.29066467285156,246.65223693847656,-34.39497679891216,S7_RSI_REVERSE
2018-09-21,2019-09-26,370,S7_RSI_REVERSE,260.3608703613281,270.0908203125,-11.105334607713809,S7_RSI_REVERSE
2018-10-05,2019-09-26,356,S7_RSI_REVERSE,256.6424865722656,270.0908203125,-6.1894793360232585,S7_RSI_REVERSE
2018-11-07,2019-09-26,323,S7_RSI_REVERSE,250.57025146484375,270.0908203125,5.78065753142132,S7_RSI_REVERSE
2018-12-03,2019-09-26,297,S7_RSI_REVERSE,249.0455017089844,270.0908203125,10.105150236962439,S7_RSI_REVERSE
2019-02-22,2019-09-26,216,S7_RSI_REVERSE,250.3563232421875,270.0908203125,24.738642675194004,S7_RSI_REVERSE
2019-03-11,2019-09-26,199,S7_RSI_REVERSE,249.72848510742188,270.0908203125,25.69709762269493,S7_RSI_REVERSE
2019-03-26,2019-09-26,184,S7_RSI_REVERSE,253.24281311035156,270.0908203125,17.669445341033825,S7_RSI_REVERSE
2019-04-09,2019-12-03,238,S7_RSI_REVERSE,258.8188781738281,281.50372314453125,24.685267062477216,S7_RSI_REVERSE
2019-04-26,2019-12-03,221,S7_RSI_REVERSE,264.3140563964844,281.50372314453125,17.140736445469713,S7_RSI_REVERSE
2019-05-10,2019-12-03,207,S7_RSI_REVERSE,259.53057861328125,281.50372314453125,23.728926293362395,S7_RSI_REVERSE
2019-06-07,2020-01-27,234,S7_RSI_REVERSE,259.1250915527344,295.63616943359375,47.954051481716334,S7_RSI_REVERSE
2019-07-01,2020-01-27,210,S7_RSI_REVERSE,267.6362609863281,295.63616943359375,37.32884200442098,S7_RSI_REVERSE
2019-07-15,2020-01-27,196,S7_RSI_REVERSE,272.24383544921875,295.63616943359375,27.627028137739597,S7_RSI_REVERSE
2019-07-29,2020-01-27,182,S7_RSI_REVERSE,272.8865661621094,295.63616943359375,28.341540498723127,S7_RSI_REVERSE
2019-08-12,2020-02-24,196,S7_RSI_REVERSE,260.76568603515625,294.64923095703125,48.09793310461795,S7_RSI_REVERSE
2019-08-29,2020-02-25,180,S7_RSI_REVERSE,264.84814453125,285.720703125,32.73902889162132,S7_RSI_REVERSE
2019-09-12,2020-05-13,244,S7_RSI_REVERSE,272.7326354980469,258.8583984375,11.534452629201363,S7_RSI_REVERSE
2019-09-26,2020-05-13,230,S7_RSI_REVERSE,270.0908203125,258.8583984375,12.529304618803067,S7_RSI_REVERSE
2019-10-11,2020-05-13,215,S7_RSI_REVERSE,269.4360656738281,258.8583984375,16.541316132459635,S7_RSI_REVERSE
2019-10-25,2020-05-13,201,S7_RSI_REVERSE,274.2739562988281,258.8583984375,17.467303842951324,S7_RSI_REVERSE
2019-12-02,2020-09-08,281,S7_RSI_REVERSE,283.40435791015625,307.6483459472656,56.282884740639226,S7_RSI_REVERSE
2019-12-16,2020-09-08,267,S7_RSI_REVERSE,290.5521545410156,307.6483459472656,54.8225869754513,S7_RSI_REVERSE
2020-01-09,2020-09-08,243,S7_RSI_REVERSE,298.51483154296875,307.6483459472656,46.82158811261828,S7_RSI_REVERSE
2020-01-27,2020-09-08,225,S7_RSI_REVERSE,295.63616943359375,307.6483459472656,45.75573481928487,S7_RSI_REVERSE
2020-02-10,2020-09-08,211,S7_RSI_REVERSE,305.8531799316406,307.6483459472656,37.826561320087634,S7_RSI_REVERSE
2020-02-25,2020-09-08,196,S7_RSI_REVERSE,285.720703125,307.6483459472656,30.6256770625775,S7_RSI_REVERSE
2020-06-26,2021-01-27,215,S7_RSI_REVERSE,277.0321960449219,348.551025390625,53.17192036371229,S7_RSI_REVERSE
2020-07-21,2021-01-27,190,S7_RSI_REVERSE,300.077392578125,348.551025390625,40.12911429093337,S7_RSI_REVERSE
2020-08-04,2021-02-01,181,S7_RSI_REVERSE,304.73992919921875,350.2452697753906,32.652362687058314,S7_RSI_REVERSE
2020-09-18,2021-06-18,273,S7_RSI_REVERSE,306.5067138671875,388.7960510253906,50.67333694828097,S7_RSI_REVERSE
2020-10-05,2021-06-18,256,S7_RSI_REVERSE,314.95166015625,388.7960510253906,37.45920970419212,S7_RSI_REVERSE
2020-11-05,2021-06-18,225,S7_RSI_REVERSE,324.6663513183594,388.7960510253906,36.38550389310747,S7_RSI_REVERSE
2020-11-24,2021-06-18,206,S7_RSI_REVERSE,336.69854736328125,388.7960510253906,31.129610303336907,S7_RSI_REVERSE
2020-12-08,2021-06-18,192,S7_RSI_REVERSE,343.14111328125,388.7960510253906,24.83591461353056,S7_RSI_REVERSE
2020-12-22,2021-06-21,181,S7_RSI_REVERSE,341.876220703125,394.3620300292969,21.863587457707805,S7_RSI_REVERSE
2021-01-07,2021-07-19,193,S7_RSI_REVERSE,352.9170227050781,398.2133483886719,21.088686959530037,S7_RSI_REVERSE
2021-01-21,2021-07-20,180,S7_RSI_REVERSE,357.70196533203125,403.9197998046875,19.63764631892423,S7_RSI_REVERSE
2021-02-04,2021-08-18,195,S7_RSI_REVERSE,359.517333984375,411.5285949707031,21.511209496386073,S7_RSI_REVERSE
2021-02-26,2021-09-10,196,S7_RSI_REVERSE,354.09002685546875,417.3945007324219,25.771058124934875,S7_RSI_REVERSE
2021-03-12,2021-09-10,182,S7_RSI_REVERSE,366.8438720703125,417.3945007324219,20.72895999418794,S7_RSI_REVERSE
2021-03-26,2022-04-07,377,S7_RSI_REVERSE,369.838623046875,424.6592712402344,24.925669850022175,S7_RSI_REVERSE
2021-04-26,2022-04-07,346,S7_RSI_REVERSE,390.04058837890625,424.6592712402344,7.153576081960061,S7_RSI_REVERSE
2021-05-10,2022-04-07,332,S7_RSI_REVERSE,390.3488464355469,424.6592712402344,7.190352971390822,S7_RSI_REVERSE
2021-05-24,2022-04-07,318,S7_RSI_REVERSE,391.4975891113281,424.6592712402344,6.558434484455186,S7_RSI_REVERSE
2021-06-07,2022-04-07,304,S7_RSI_REVERSE,394.31829833984375,424.6592712402344,8.802760542903128,S7_RSI_REVERSE
2021-06-21,2022-04-07,290,S7_RSI_REVERSE,394.3620300292969,424.6592712402344,10.071731839287445,S7_RSI_REVERSE
2021-07-07,2022-04-07,274,S7_RSI_REVERSE,407.1057739257813,424.6592712402344,0.6012633527098522,S7_RSI_REVERSE
2021-07-21,2022-04-07,260,S7_RSI_REVERSE,407.1900329589844,424.6592712402344,-1.6798893425717307,S7_RSI_REVERSE
2021-08-04,2022-04-07,246,S7_RSI_REVERSE,411.3411865234375,424.6592712402344,-6.060438471244819,S7_RSI_REVERSE
2021-08-18,2022-04-07,232,S7_RSI_REVERSE,411.5285949707031,424.6592712402344,-8.021341803730936,S7_RSI_REVERSE
2021-09-01,2022-04-07,218,S7_RSI_REVERSE,423.35400390625,424.6592712402344,-10.813538990207785,S7_RSI_REVERSE
2021-09-15,2022-04-07,204,S7_RSI_REVERSE,419.6808471679687,424.6592712402344,-9.186445050044217,S7_RSI_REVERSE
2021-09-29,2022-04-07,190,S7_RSI_REVERSE,408.4006042480469,424.6592712402344,-1.825908787134655,S7_RSI_REVERSE
2021-10-18,2022-07-13,268,S7_RSI_REVERSE,420.3768005371094,360.0254211425781,-55.031664205650685,S7_RSI_REVERSE
2021-11-18,2022-07-13,237,S7_RSI_REVERSE,441.5652160644531,360.0254211425781,-63.72061733165539,S7_RSI_REVERSE
2021-12-03,2022-07-13,222,S7_RSI_REVERSE,426.2332153320313,360.0254211425781,-62.75040081113852,S7_RSI_REVERSE
2021-12-17,2022-07-13,208,S7_RSI_REVERSE,433.815185546875,360.0254211425781,-61.80745466317259,S7_RSI_REVERSE
2021-12-31,2022-07-13,194,S7_RSI_REVERSE,448.05023193359375,360.0254211425781,-63.432473948017964,S7_RSI_REVERSE
2022-01-18,2022-08-23,217,S7_RSI_REVERSE,430.6266479492187,391.8815002441406,-46.38064696070182,S7_RSI_REVERSE
2022-02-01,2022-08-23,203,S7_RSI_REVERSE,427.287353515625,391.8815002441406,-42.16385709980249,S7_RSI_REVERSE
2022-03-24,2022-12-05,256,S7_RSI_REVERSE,426.2867736816406,381.3148498535156,-57.66983549489487,S7_RSI_REVERSE
2023-01-13,2023-08-02,201,S7_RSI_REVERSE,382.0209655761719,434.7717895507813,26.87821594890772,S7_RSI_REVERSE
2023-01-30,2023-08-02,184,S7_RSI_REVERSE,384.0245361328125,434.7717895507813,27.511227935168677,S7_RSI_REVERSE
2023-02-13,2023-09-18,217,S7_RSI_REVERSE,395.75836181640625,430.0050354003906,-2.3015084759308286,S7_RSI_REVERSE
2023-02-27,2023-09-18,203,S7_RSI_REVERSE,381.2828063964844,430.0050354003906,17.605661249375917,S7_RSI_REVERSE
2023-03-21,2023-09-18,181,S7_RSI_REVERSE,383.87347412109375,430.0050354003906,8.724747730643248,S7_RSI_REVERSE
2023-04-05,2024-01-04,274,S7_RSI_REVERSE,392.23590087890625,454.7650451660156,24.56336745488768,S7_RSI_REVERSE
2023-04-21,2024-01-04,258,S7_RSI_REVERSE,396.6625061035156,454.7650451660156,21.537899329188885,S7_RSI_REVERSE
2023-05-05,2024-01-04,244,S7_RSI_REVERSE,397.0763244628906,454.7650451660156,20.235112459467295,S7_RSI_REVERSE
2023-05-19,2024-01-04,230,S7_RSI_REVERSE,402.8405151367187,454.7650451660156,16.194087487887614,S7_RSI_REVERSE
2023-06-02,2024-01-04,216,S7_RSI_REVERSE,411.7899169921875,454.7650451660156,14.678565251408877,S7_RSI_REVERSE
2023-06-23,2024-01-04,195,S7_RSI_REVERSE,418.4291076660156,454.7650451660156,12.43984917057171,S7_RSI_REVERSE
2023-07-07,2024-01-04,181,S7_RSI_REVERSE,423.5868835449219,454.7650451660156,8.297912682356426,S7_RSI_REVERSE
2023-07-25,2024-04-04,254,S7_RSI_REVERSE,439.9006652832031,500.8800964355469,42.262515762065554,S7_RSI_REVERSE
2023-08-10,2024-04-04,238,S7_RSI_REVERSE,430.6957702636719,500.8800964355469,49.13861001393453,S7_RSI_REVERSE
2023-08-29,2024-04-04,219,S7_RSI_REVERSE,433.8349304199219,500.8800964355469,52.422290806147764,S7_RSI_REVERSE
2023-11-03,2024-05-30,209,S7_RSI_REVERSE,421.3395690917969,510.1935119628906,78.43084550820573,S7_RSI_REVERSE
2023-12-06,2024-09-05,274,S7_RSI_REVERSE,440.7931823730469,538.2828369140625,96.30352709024568,S7_RSI_REVERSE
2024-01-03,2024-09-05,246,S7_RSI_REVERSE,456.2345581054687,538.2828369140625,75.59421005091055,S7_RSI_REVERSE
2024-01-17,2024-09-05,232,S7_RSI_REVERSE,459.6408386230469,538.2828369140625,73.87272273030977,S7_RSI_REVERSE
2024-01-31,2024-09-05,218,S7_RSI_REVERSE,469.94720458984375,538.2828369140625,62.508132915221516,S7_RSI_REVERSE
2024-02-14,2024-09-05,204,S7_RSI_REVERSE,485.2170104980469,538.2828369140625,43.58689943760922,S7_RSI_REVERSE
2024-02-28,2024-09-05,190,S7_RSI_REVERSE,492.7010192871094,538.2828369140625,39.47291762093712,S7_RSI_REVERSE
2024-03-13,2024-11-27,259,S7_RSI_REVERSE,502.1509704589844,588.2874755859375,65.5941883034324,S7_RSI_REVERSE
2024-03-27,2024-11-27,245,S7_RSI_REVERSE,510.7401123046875,588.2874755859375,58.017449940465916,S7_RSI_REVERSE
2024-04-10,2024-11-27,231,S7_RSI_REVERSE,501.9051208496094,588.2874755859375,62.62322164364458,S7_RSI_REVERSE
2024-05-03,2024-11-27,208,S7_RSI_REVERSE,499.1423950195313,588.2874755859375,77.5696887892666,S7_RSI_REVERSE
2024-05-30,2024-11-27,181,S7_RSI_REVERSE,510.1935119628906,588.2874755859375,63.796674040594226,S7_RSI_REVERSE
2024-06-13,2025-08-01,414,S7_RSI_REVERSE,529.56201171875,616.4907836914062,61.08132399095132,S7_RSI_REVERSE
2024-07-03,2025-08-01,394,S7_RSI_REVERSE,540.0948486328125,616.4907836914062,49.29938914746664,S7_RSI_REVERSE
2024-07-17,2025-08-01,380,S7_RSI_REVERSE,545.4619140625,616.4907836914062,38.013690740237905,S7_RSI_REVERSE
2024-07-31,2025-08-01,366,S7_RSI_REVERSE,539.458251953125,616.4907836914062,43.95815511227764,S7_RSI_REVERSE
2024-08-14,2025-08-01,352,S7_RSI_REVERSE,532.5436401367188,616.4907836914062,48.00025136632178,S7_RSI_REVERSE
2024-09-03,2025-08-01,332,S7_RSI_REVERSE,540.7020263671875,616.4907836914062,28.17799389942485,S7_RSI_REVERSE
2024-09-17,2025-08-01,318,S7_RSI_REVERSE,551.465576171875,616.4907836914062,22.48998435539988,S7_RSI_REVERSE
2024-10-03,2025-08-01,302,S7_RSI_REVERSE,557.8234252929688,616.4907836914062,12.921961942817175,S7_RSI_REVERSE
2024-10-17,2025-08-01,288,S7_RSI_REVERSE,572.0975341796875,616.4907836914062,7.763651790669608,S7_RSI_REVERSE
2024-10-31,2025-08-01,274,S7_RSI_REVERSE,558.6289672851562,616.4907836914062,14.498264803358149,S7_RSI_REVERSE
2024-11-14,2025-08-01,260,S7_RSI_REVERSE,582.9039306640625,616.4907836914062,9.162382552722672,S7_RSI_REVERSE
2024-11-29,2025-08-01,245,S7_RSI_REVERSE,591.94189453125,616.4907836914062,4.717986886959392,S7_RSI_REVERSE
2024-12-13,2025-08-01,231,S7_RSI_REVERSE,593.57275390625,616.4907836914062,0.25881381172485673,S7_RSI_REVERSE
2024-12-27,2025-08-01,217,S7_RSI_REVERSE,586.5021362304688,616.4907836914062,5.195186958488287,S7_RSI_REVERSE
2025-01-17,2025-08-01,196,S7_RSI_REVERSE,589.0353393554688,616.4907836914062,5.480499440032684,S7_RSI_REVERSE
2025-02-03,2025-10-10,249,S7_RSI_REVERSE,589.2225341796875,649.32275390625,28.696573628731198,S7_RSI_REVERSE
2025-02-18,2025-10-10,234,S7_RSI_REVERSE,602.7463989257812,649.32275390625,22.317382845391247,S7_RSI_REVERSE
2025-03-04,2025-10-10,220,S7_RSI_REVERSE,568.6116333007812,649.32275390625,39.42934572036523,S7_RSI_REVERSE
2025-03-24,2025-10-10,200,S7_RSI_REVERSE,567.5736083984375,649.32275390625,56.02085539497045,S7_RSI_REVERSE
2025-05-16,2025-12-17,215,S7_RSI_REVERSE,587.465576171875,667.5986938476562,36.91980716326405,S7_RSI_REVERSE
2025-06-03,2025-12-17,197,S7_RSI_REVERSE,589.3341674804688,667.5986938476562,34.40778370125102,S7_RSI_REVERSE
2025-06-24,2026-01-14,204,S7_RSI_REVERSE,601.676513671875,688.479736328125,40.06025423233937,S7_RSI_REVERSE
2025-07-17,2026-01-14,181,S7_RSI_REVERSE,622.7576293945312,688.479736328125,24.70808050043571,S7_RSI_REVERSE
2017-02-14,2018-02-08,359,S8_DRAWDOWN_10,201.7720642089844,226.7571563720703,73.10139598463314,S8_DRAWDOWN_10
2017-03-07,2018-02-08,338,S8_DRAWDOWN_10,204.62123107910156,226.7571563720703,60.661064425348954,S8_DRAWDOWN_10
2017-03-28,2018-02-08,317,S8_DRAWDOWN_10,204.0545959472656,226.7571563720703,72.77959383415671,S8_DRAWDOWN_10
2017-04-11,2018-02-08,303,S8_DRAWDOWN_10,203.8291778564453,226.7571563720703,71.89273220605303,S8_DRAWDOWN_10
2017-04-25,2018-02-08,289,S8_DRAWDOWN_10,206.85549926757812,226.7571563720703,74.89508375375384,S8_DRAWDOWN_10
2017-05-15,2018-02-08,269,S8_DRAWDOWN_10,208.3729705810547,226.7571563720703,69.43888068021742,S8_DRAWDOWN_10
2017-05-30,2018-02-08,254,S8_DRAWDOWN_10,209.4135284423828,226.7571563720703,68.07293673644077,S8_DRAWDOWN_10
2017-06-15,2018-02-08,238,S8_DRAWDOWN_10,211.38194274902344,226.7571563720703,64.85341930350961,S8_DRAWDOWN_10
2017-06-29,2018-02-08,224,S8_DRAWDOWN_10,210.3040313720703,226.7571563720703,71.85673665816607,S8_DRAWDOWN_10
2017-07-13,2018-02-08,210,S8_DRAWDOWN_10,212.97911071777344,226.7571563720703,70.54151843560122,S8_DRAWDOWN_10
2017-08-07,2018-02-08,185,S8_DRAWDOWN_10,215.9853515625,226.7571563720703,67.13688959740793,S8_DRAWDOWN_10
2017-08-22,2018-12-14,479,S8_DRAWDOWN_10,213.867919921875,232.25521850585935,12.96887164517323,S8_DRAWDOWN_10
2017-09-05,2018-12-14,465,S8_DRAWDOWN_10,214.40814208984375,232.25521850585935,8.247456416243496,S8_DRAWDOWN_10
2017-10-25,2018-12-14,415,S8_DRAWDOWN_10,223.55484008789065,232.25521850585935,-4.274625826169974,S8_DRAWDOWN_10
2017-11-08,2018-12-14,401,S8_DRAWDOWN_10,226.8999786376953,232.25521850585935,-11.64769535467039,S8_DRAWDOWN_10
2017-11-22,2018-12-14,387,S8_DRAWDOWN_10,227.46920776367188,232.25521850585935,-9.425923086127305,S8_DRAWDOWN_10
2017-12-20,2018-12-14,359,S8_DRAWDOWN_10,235.0306396484375,232.25521850585935,-20.25080288883058,S8_DRAWDOWN_10
2018-01-03,2018-12-14,345,S8_DRAWDOWN_10,238.0585021972656,232.25521850585935,-24.36447210538363,S8_DRAWDOWN_10
2018-02-01,2018-12-14,316,S8_DRAWDOWN_10,247.83709716796875,232.25521850585935,-40.9698777284176,S8_DRAWDOWN_10
2018-02-15,2018-12-14,302,S8_DRAWDOWN_10,240.31166076660156,232.25521850585935,-36.52212595882013,S8_DRAWDOWN_10
2018-03-09,2018-12-14,280,S8_DRAWDOWN_10,245.45179748535156,232.25521850585935,-39.09952983895836,S8_DRAWDOWN_10
2018-03-23,2018-12-14,266,S8_DRAWDOWN_10,228.03643798828125,232.25521850585935,-21.612328443129286,S8_DRAWDOWN_10
2018-04-06,2018-12-14,252,S8_DRAWDOWN_10,229.51222229003903,232.25521850585935,-19.726009575808376,S8_DRAWDOWN_10
2018-05-09,2018-12-14,219,S8_DRAWDOWN_10,238.15467834472656,232.25521850585935,-19.943508118775057,S8_DRAWDOWN_10
2018-05-29,2018-12-14,199,S8_DRAWDOWN_10,237.7305603027344,232.25521850585935,-18.54971755057732,S8_DRAWDOWN_10
2018-06-12,2018-12-14,185,S8_DRAWDOWN_10,246.47906494140625,232.25521850585935,-26.65338212185083,S8_DRAWDOWN_10
2018-07-06,2019-01-02,180,S8_DRAWDOWN_10,244.47906494140625,224.38253784179688,-37.49288232616139,S8_DRAWDOWN_10
2018-07-27,2019-12-09,500,Max hold,249.80514526367188,285.4414367675781,32.05901740824721,S8_DRAWDOWN_10
2018-08-10,2019-12-23,500,Max hold,251.3495178222656,293.5525207519531,46.625561493719616,S8_DRAWDOWN_10
2018-08-24,2020-01-06,500,Max hold,255.21083068847656,295.76416015625,41.404732991016566,S8_DRAWDOWN_10
2018-09-07,2020-01-21,501,Max hold,255.29066467285156,302.76434326171875,50.61068441794415,S8_DRAWDOWN_10
2018-09-21,2020-02-03,500,Max hold,260.3608703613281,296.2027893066406,29.49651820969037,S8_DRAWDOWN_10
2018-10-05,2020-02-18,501,Max hold,256.6424865722656,307.7267150878906,62.62549972111262,S8_DRAWDOWN_10
2018-11-07,2020-02-27,477,S8_DRAWDOWN_10,250.57025146484375,271.8847961425781,29.03020151831614,S8_DRAWDOWN_10
2018-12-03,2020-02-27,451,S8_DRAWDOWN_10,249.0455017089844,271.8847961425781,34.88015210278904,S8_DRAWDOWN_10
2019-02-22,2020-02-27,370,S8_DRAWDOWN_10,250.3563232421875,271.8847961425781,58.4465475620338,S8_DRAWDOWN_10
2019-03-11,2020-02-27,353,S8_DRAWDOWN_10,249.72848510742188,271.8847961425781,60.50899297060561,S8_DRAWDOWN_10
2019-03-26,2020-02-27,338,S8_DRAWDOWN_10,253.24281311035156,271.8847961425781,53.07733598963576,S8_DRAWDOWN_10
2019-04-09,2020-02-27,324,S8_DRAWDOWN_10,258.8188781738281,271.8847961425781,46.66821521715734,S8_DRAWDOWN_10
2019-04-26,2020-02-27,307,S8_DRAWDOWN_10,264.3140563964844,271.8847961425781,42.145521295271614,S8_DRAWDOWN_10
2019-05-10,2020-02-27,293,S8_DRAWDOWN_10,259.53057861328125,271.8847961425781,47.71372486619928,S8_DRAWDOWN_10
2019-06-07,2020-02-27,265,S8_DRAWDOWN_10,259.1250915527344,271.8847961425781,49.833497227712016,S8_DRAWDOWN_10
2019-07-01,2020-02-27,241,S8_DRAWDOWN_10,267.6362609863281,271.8847961425781,46.52172156281144,S8_DRAWDOWN_10
2019-07-15,2020-02-27,227,S8_DRAWDOWN_10,272.24383544921875,271.8847961425781,39.6927210741785,S8_DRAWDOWN_10
2019-07-29,2020-02-27,213,S8_DRAWDOWN_10,272.8865661621094,271.8847961425781,41.85094067142482,S8_DRAWDOWN_10
2019-08-12,2020-02-27,199,S8_DRAWDOWN_10,260.76568603515625,271.8847961425781,46.34416427433814,S8_DRAWDOWN_10
2019-08-29,2020-02-27,182,S8_DRAWDOWN_10,264.84814453125,271.8847961425781,42.03239437019808,S8_DRAWDOWN_10
2019-09-12,2020-03-10,180,S8_DRAWDOWN_10,272.7326354980469,263.5777282714844,47.19267027801942,S8_DRAWDOWN_10
2019-09-26,2020-03-24,180,S8_DRAWDOWN_10,270.0908203125,223.5135803222656,24.953222865478484,S8_DRAWDOWN_10
2019-10-11,2020-04-08,180,S8_DRAWDOWN_10,269.4360656738281,251.8997039794922,17.96598433576885,S8_DRAWDOWN_10
2019-10-25,2020-04-22,180,S8_DRAWDOWN_10,274.2739562988281,256.56024169921875,23.002767700563837,S8_DRAWDOWN_10
2019-12-02,2020-06-11,192,S8_DRAWDOWN_10,283.40435791015625,276.33319091796875,37.92607744033611,S8_DRAWDOWN_10
2019-12-16,2020-06-26,193,S8_DRAWDOWN_10,290.5521545410156,277.0321960449219,25.52718538913068,S8_DRAWDOWN_10
2020-01-09,2021-05-24,501,Max hold,298.51483154296875,391.4975891113281,154.76245878486264,S8_DRAWDOWN_10
2020-01-27,2021-06-10,500,Max hold,295.63616943359375,395.6445007324219,157.0155293478937,S8_DRAWDOWN_10
2020-02-10,2021-06-24,500,Max hold,305.8531799316406,398.3350830078125,142.95038025309395,S8_DRAWDOWN_10
2020-02-25,2021-07-09,500,Max hold,285.720703125,408.0989990234375,149.6668048938726,S8_DRAWDOWN_10
2020-06-26,2021-11-08,500,Max hold,277.0321960449219,440.8132019042969,150.86635877146688,S8_DRAWDOWN_10
2020-07-21,2021-12-03,500,Max hold,300.077392578125,426.2332153320313,109.9492040187768,S8_DRAWDOWN_10
2020-08-04,2021-12-17,500,Max hold,304.73992919921875,433.815185546875,108.0411894582306,S8_DRAWDOWN_10
2020-09-18,2022-01-31,500,Max hold,306.5067138671875,424.41943359375,86.57263078297419,S8_DRAWDOWN_10
2020-10-05,2022-02-17,500,Max hold,314.95166015625,412.2974853515625,54.67608153807117,S8_DRAWDOWN_10
2020-11-05,2022-02-22,474,S8_DRAWDOWN_10,324.6663513183594,405.23193359375,43.39347732293523,S8_DRAWDOWN_10
2020-11-24,2022-02-22,455,S8_DRAWDOWN_10,336.69854736328125,405.23193359375,37.262037121091055,S8_DRAWDOWN_10
2020-12-08,2022-02-22,441,S8_DRAWDOWN_10,343.14111328125,405.23193359375,30.540218723797132,S8_DRAWDOWN_10
2020-12-22,2022-02-22,427,S8_DRAWDOWN_10,341.876220703125,405.23193359375,23.957203177362434,S8_DRAWDOWN_10
2021-01-07,2022-02-22,411,S8_DRAWDOWN_10,352.9170227050781,405.23193359375,15.706564570353965,S8_DRAWDOWN_10
2021-01-21,2022-02-22,397,S8_DRAWDOWN_10,357.70196533203125,405.23193359375,10.57369232871603,S8_DRAWDOWN_10
2021-02-04,2022-02-22,383,S8_DRAWDOWN_10,359.517333984375,405.23193359375,5.353343895758903,S8_DRAWDOWN_10
2021-02-26,2022-02-22,361,S8_DRAWDOWN_10,354.09002685546875,405.23193359375,7.195081047798688,S8_DRAWDOWN_10
2021-03-12,2022-02-22,347,S8_DRAWDOWN_10,366.8438720703125,405.23193359375,2.1352083699209494,S8_DRAWDOWN_10
2021-03-26,2022-02-22,333,S8_DRAWDOWN_10,369.838623046875,405.23193359375,11.15405004334712,S8_DRAWDOWN_10
2021-04-26,2022-02-22,302,S8_DRAWDOWN_10,390.04058837890625,405.23193359375,-4.131572133497126,S8_DRAWDOWN_10
2021-05-10,2022-02-22,288,S8_DRAWDOWN_10,390.3488464355469,405.23193359375,-3.9664915267062013,S8_DRAWDOWN_10
2021-05-24,2022-02-22,274,S8_DRAWDOWN_10,391.4975891113281,405.23193359375,-4.392602221250079,S8_DRAWDOWN_10
2021-06-07,2022-02-22,260,S8_DRAWDOWN_10,394.31829833984375,405.23193359375,-2.2126632686952012,S8_DRAWDOWN_10
2021-06-21,2022-02-22,246,S8_DRAWDOWN_10,394.3620300292969,405.23193359375,-0.9519315043699288,S8_DRAWDOWN_10
2021-07-07,2022-02-22,230,S8_DRAWDOWN_10,407.1057739257813,405.23193359375,-9.16328527837256,S8_DRAWDOWN_10
2021-07-21,2022-02-22,216,S8_DRAWDOWN_10,407.1900329589844,405.23193359375,-11.128364102203406,S8_DRAWDOWN_10
2021-08-04,2022-02-22,202,S8_DRAWDOWN_10,411.3411865234375,405.23193359375,-14.939863914410253,S8_DRAWDOWN_10
2021-08-18,2022-02-22,188,S8_DRAWDOWN_10,411.5285949707031,405.23193359375,-16.618596108159053,S8_DRAWDOWN_10
2021-09-01,2022-03-07,187,S8_DRAWDOWN_10,423.35400390625,395.6664123535156,-13.568487527408518,S8_DRAWDOWN_10
2021-09-15,2022-03-14,180,S8_DRAWDOWN_10,419.6808471679687,393.37408447265625,-16.049172836759737,S8_DRAWDOWN_10
2021-09-29,2022-04-22,205,S8_DRAWDOWN_10,408.4006042480469,403.150390625,-13.292392973399917,S8_DRAWDOWN_10
2021-10-18,2022-04-22,186,S8_DRAWDOWN_10,420.3768005371094,403.150390625,-15.753321170130748,S8_DRAWDOWN_10
2021-11-18,2022-05-17,180,S8_DRAWDOWN_10,441.5652160644531,386.3825073242187,-44.0604381223115,S8_DRAWDOWN_10
2021-12-03,2022-06-01,180,S8_DRAWDOWN_10,426.2332153320313,387.5842895507813,-46.501720332488574,S8_DRAWDOWN_10
2021-12-17,2022-06-15,180,S8_DRAWDOWN_10,433.815185546875,358.8269958496094,-57.4054467293066,S8_DRAWDOWN_10
2021-12-31,2022-06-29,180,S8_DRAWDOWN_10,448.05023193359375,361.46044921875,-61.34402091294611,S8_DRAWDOWN_10
2022-01-18,2022-07-18,181,S8_DRAWDOWN_10,430.6266479492187,362.9905090332031,-56.253792476591954,S8_DRAWDOWN_10
2022-02-01,2022-08-01,181,S8_DRAWDOWN_10,427.287353515625,390.3799133300781,-43.626764362672326,S8_DRAWDOWN_10
2022-03-24,2022-09-20,180,S8_DRAWDOWN_10,426.2867736816406,366.5237121582031,-54.96034343800471,S8_DRAWDOWN_10
2023-01-13,2023-10-25,285,S8_DRAWDOWN_10,382.0209655761719,404.7259826660156,-7.613472854207351,S8_DRAWDOWN_10
2023-01-30,2023-10-25,268,S8_DRAWDOWN_10,384.0245361328125,404.7259826660156,-6.789606659186506,S8_DRAWDOWN_10
2023-02-13,2023-10-25,254,S8_DRAWDOWN_10,395.75836181640625,404.7259826660156,-19.699687159932058,S8_DRAWDOWN_10
2023-02-27,2023-10-25,240,S8_DRAWDOWN_10,381.2828063964844,404.7259826660156,-3.1109288608464665,S8_DRAWDOWN_10
2023-03-21,2023-10-25,218,S8_DRAWDOWN_10,383.87347412109375,404.7259826660156,-9.863954143236057,S8_DRAWDOWN_10
2023-04-05,2023-10-25,203,S8_DRAWDOWN_10,392.23590087890625,404.7259826660156,-13.388164579643899,S8_DRAWDOWN_10
2023-04-21,2023-10-25,187,S8_DRAWDOWN_10,396.6625061035156,404.7259826660156,-14.999355984167654,S8_DRAWDOWN_10
2023-05-05,2024-09-16,500,Max hold,397.0763244628906,551.240234375,133.5324420993715,S8_DRAWDOWN_10
2023-05-19,2024-09-30,500,Max hold,402.8405151367187,563.6588134765625,145.24962689970215,S8_DRAWDOWN_10
2023-06-02,2024-10-14,500,Max hold,411.7899169921875,574.0328369140625,162.80363974718523,S8_DRAWDOWN_10
2023-06-23,2024-11-04,500,Max hold,418.4291076660156,559.7783813476562,137.70384868266794,S8_DRAWDOWN_10
2023-07-07,2024-11-18,500,Max hold,423.5868835449219,577.7955322265625,156.1169696588079,S8_DRAWDOWN_10
2023-07-25,2024-12-06,500,Max hold,439.9006652832031,597.1093139648438,160.45663505842154,S8_DRAWDOWN_10
2023-08-10,2024-12-23,501,Max hold,430.6957702636719,586.1865844726562,150.01537350895345,S8_DRAWDOWN_10
2023-08-29,2025-01-10,500,Max hold,433.8349304199219,572.189697265625,133.7623123896878,S8_DRAWDOWN_10
2023-11-03,2025-03-13,496,S8_DRAWDOWN_10,421.3395690917969,543.5353393554688,111.51425712293528,S8_DRAWDOWN_10
2023-12-06,2025-03-13,463,S8_DRAWDOWN_10,440.7931823730469,543.5353393554688,88.3635088312674,S8_DRAWDOWN_10
2024-01-03,2025-03-13,435,S8_DRAWDOWN_10,456.2345581054687,543.5353393554688,67.09496873582034,S8_DRAWDOWN_10
2024-01-17,2025-03-13,421,S8_DRAWDOWN_10,459.6408386230469,543.5353393554688,65.27534775826976,S8_DRAWDOWN_10
2024-01-31,2025-03-13,407,S8_DRAWDOWN_10,469.94720458984375,543.5353393554688,53.61021385557155,S8_DRAWDOWN_10
2024-02-14,2025-03-13,393,S8_DRAWDOWN_10,485.2170104980469,543.5353393554688,34.43718868124772,S8_DRAWDOWN_10
2024-02-28,2025-03-13,379,S8_DRAWDOWN_10,492.7010192871094,543.5353393554688,30.133831369130164,S8_DRAWDOWN_10
2024-03-13,2025-03-13,365,S8_DRAWDOWN_10,502.1509704589844,543.5353393554688,17.814182265642852,S8_DRAWDOWN_10
2024-03-27,2025-03-13,351,S8_DRAWDOWN_10,510.7401123046875,543.5353393554688,12.351080919035114,S8_DRAWDOWN_10
2024-04-10,2025-03-13,337,S8_DRAWDOWN_10,501.9051208496094,543.5353393554688,17.255364487570834,S8_DRAWDOWN_10
2024-05-03,2025-03-13,314,S8_DRAWDOWN_10,499.1423950195313,543.5353393554688,29.610038738692868,S8_DRAWDOWN_10
2024-05-30,2025-03-13,287,S8_DRAWDOWN_10,510.1935119628906,543.5353393554688,20.05948914600419,S8_DRAWDOWN_10
2024-06-13,2025-03-13,273,S8_DRAWDOWN_10,529.56201171875,543.5353393554688,5.56724889789144,S8_DRAWDOWN_10
2024-07-03,2025-03-13,253,S8_DRAWDOWN_10,540.0948486328125,543.5353393554688,-1.8602409409222778,S8_DRAWDOWN_10
2024-07-17,2025-03-13,239,S8_DRAWDOWN_10,545.4619140625,543.5353393554688,-9.012545989866064,S8_DRAWDOWN_10
2024-07-31,2025-03-13,225,S8_DRAWDOWN_10,539.458251953125,543.5353393554688,-4.484352117734579,S8_DRAWDOWN_10
2024-08-14,2025-03-13,211,S8_DRAWDOWN_10,532.5436401367188,543.5353393554688,-1.1701691299748846,S8_DRAWDOWN_10
2024-09-03,2025-03-13,191,S8_DRAWDOWN_10,540.7020263671875,543.5353393554688,-14.155197550673677,S8_DRAWDOWN_10
2024-09-17,2025-04-03,198,S8_DRAWDOWN_10,551.465576171875,530.6173095703125,-18.196516651819653,S8_DRAWDOWN_10
2024-10-03,2025-04-03,182,S8_DRAWDOWN_10,557.8234252929688,530.6173095703125,-23.993967606794612,S8_DRAWDOWN_10
2024-10-17,2025-04-15,180,S8_DRAWDOWN_10,572.0975341796875,531.5169067382812,-24.368728761335348,S8_DRAWDOWN_10
2024-10-31,2026-03-16,501,Max hold,558.6289672851562,667.2078857421875,41.37618723978595,S8_DRAWDOWN_10
2024-11-14,2026-03-30,501,Max hold,582.9039306640625,631.969970703125,8.937505946449399,S8_DRAWDOWN_10
2024-11-29,2026-04-13,500,Max hold,591.94189453125,686.0999755859375,38.48155031158543,S8_DRAWDOWN_10
2024-12-13,2026-04-27,500,Max hold,593.57275390625,715.1699829101562,58.834228363984906,S8_DRAWDOWN_10
2024-12-27,2026-05-11,500,Max hold,586.5021362304688,739.2999877929688,88.78731331863683,S8_DRAWDOWN_10
2017-02-14,2017-08-17,184,S9_BB_LOWER_BREAK,201.7720642089844,211.8201904296875,7.204135071614331,S9_BB_LOWER_BREAK
2017-03-07,2018-02-05,335,S9_BB_LOWER_BREAK,204.62123107910156,232.30213928222656,86.89378323805417,S9_BB_LOWER_BREAK
2017-03-28,2018-02-05,314,S9_BB_LOWER_BREAK,204.0545959472656,232.30213928222656,100.37645788416035,S9_BB_LOWER_BREAK
2017-04-11,2018-02-05,300,S9_BB_LOWER_BREAK,203.8291778564453,232.30213928222656,99.19216106270751,S9_BB_LOWER_BREAK
2017-04-25,2018-02-05,286,S9_BB_LOWER_BREAK,206.85549926757812,232.30213928222656,103.57228694911318,S9_BB_LOWER_BREAK
2017-05-15,2018-02-05,266,S9_BB_LOWER_BREAK,208.3729705810547,232.30213928222656,97.3298407668747,S9_BB_LOWER_BREAK
2017-05-30,2018-02-05,251,S9_BB_LOWER_BREAK,209.4135284423828,232.30213928222656,95.90078319953157,S9_BB_LOWER_BREAK
2017-06-15,2018-02-05,235,S9_BB_LOWER_BREAK,211.38194274902344,232.30213928222656,92.61583060848919,S9_BB_LOWER_BREAK
2017-06-29,2018-02-05,221,S9_BB_LOWER_BREAK,210.3040313720703,232.30213928222656,100.2993338905833,S9_BB_LOWER_BREAK
2017-07-13,2018-02-05,207,S9_BB_LOWER_BREAK,212.97911071777344,232.30213928222656,99.58957911554307,S9_BB_LOWER_BREAK
2017-08-07,2018-02-05,182,S9_BB_LOWER_BREAK,215.9853515625,232.30213928222656,96.26919459419659,S9_BB_LOWER_BREAK
2017-08-22,2018-03-22,212,S9_BB_LOWER_BREAK,213.867919921875,233.00282287597656,46.72525682031577,S9_BB_LOWER_BREAK
2017-09-05,2018-03-22,198,S9_BB_LOWER_BREAK,214.40814208984375,233.00282287597656,39.5459182363741,S9_BB_LOWER_BREAK
2017-10-25,2018-06-27,245,S9_BB_LOWER_BREAK,223.55484008789065,239.09097290039065,22.553711106111702,S9_BB_LOWER_BREAK
2017-11-08,2018-06-27,231,S9_BB_LOWER_BREAK,226.8999786376953,239.09097290039065,13.167128022598273,S9_BB_LOWER_BREAK
2017-11-22,2018-06-27,217,S9_BB_LOWER_BREAK,227.46920776367188,239.09097290039065,15.071463768411085,S9_BB_LOWER_BREAK
2017-12-20,2018-06-27,189,S9_BB_LOWER_BREAK,235.0306396484375,239.09097290039065,1.684821515543459,S9_BB_LOWER_BREAK
2018-01-03,2018-10-10,280,S9_BB_LOWER_BREAK,238.0585021972656,248.15383911132812,12.627487997422929,S9_BB_LOWER_BREAK
2018-02-01,2018-10-10,251,S9_BB_LOWER_BREAK,247.83709716796875,248.15383911132812,-10.92488422389307,S9_BB_LOWER_BREAK
2018-02-15,2018-10-10,237,S9_BB_LOWER_BREAK,240.31166076660156,248.15383911132812,-7.180475666906316,S9_BB_LOWER_BREAK
2018-03-09,2018-10-10,215,S9_BB_LOWER_BREAK,245.45179748535156,248.15383911132812,-10.766837946881584,S9_BB_LOWER_BREAK
2018-03-23,2018-10-10,201,S9_BB_LOWER_BREAK,228.03643798828125,248.15383911132812,9.267479601131,S9_BB_LOWER_BREAK
2018-04-06,2018-10-10,187,S9_BB_LOWER_BREAK,229.51222229003903,248.15383911132812,11.849475832523362,S9_BB_LOWER_BREAK
2018-05-09,2018-12-17,222,S9_BB_LOWER_BREAK,238.15467834472656,227.69871520996097,-25.18295504814777,S9_BB_LOWER_BREAK
2018-05-29,2018-12-17,202,S9_BB_LOWER_BREAK,237.7305603027344,227.69871520996097,-23.7398190133741,S9_BB_LOWER_BREAK
2018-06-12,2018-12-17,188,S9_BB_LOWER_BREAK,246.47906494140625,227.69871520996097,-31.219811412167868,S9_BB_LOWER_BREAK
2018-07-06,2019-05-13,311,S9_BB_LOWER_BREAK,244.47906494140625,253.008544921875,-10.55096464211091,S9_BB_LOWER_BREAK
2018-07-27,2019-05-13,290,S9_BB_LOWER_BREAK,249.80514526367188,253.008544921875,-15.948892774837505,S9_BB_LOWER_BREAK
2018-08-10,2019-05-13,276,S9_BB_LOWER_BREAK,251.3495178222656,253.008544921875,-17.616693543665644,S9_BB_LOWER_BREAK
2018-08-24,2019-05-13,262,S9_BB_LOWER_BREAK,255.21083068847656,253.008544921875,-22.81735559789554,S9_BB_LOWER_BREAK
2018-09-07,2019-05-13,248,S9_BB_LOWER_BREAK,255.29066467285156,253.008544921875,-25.595585012625328,S9_BB_LOWER_BREAK
2018-09-21,2019-05-13,234,S9_BB_LOWER_BREAK,260.3608703613281,253.008544921875,-28.259941819787375,S9_BB_LOWER_BREAK
2018-10-05,2019-05-13,220,S9_BB_LOWER_BREAK,256.6424865722656,253.008544921875,-24.287010036657904,S9_BB_LOWER_BREAK
2018-11-07,2019-05-13,187,S9_BB_LOWER_BREAK,250.57025146484375,253.008544921875,-14.426834930996712,S9_BB_LOWER_BREAK
2018-12-03,2019-08-01,241,S9_BB_LOWER_BREAK,249.0455017089844,266.89398193359375,5.465088472708085,S9_BB_LOWER_BREAK
2019-02-22,2019-10-01,221,S9_BB_LOWER_BREAK,250.3563232421875,266.67138671875,19.37804156279653,S9_BB_LOWER_BREAK
2019-03-11,2019-10-01,204,S9_BB_LOWER_BREAK,249.72848510742188,266.67138671875,20.412237312308537,S9_BB_LOWER_BREAK
2019-03-26,2019-10-01,189,S9_BB_LOWER_BREAK,253.24281311035156,266.67138671875,12.812640985615111,S9_BB_LOWER_BREAK
2019-04-09,2019-10-08,182,S9_BB_LOWER_BREAK,258.8188781738281,262.38812255859375,-1.5070378477358368,S9_BB_LOWER_BREAK
2019-04-26,2020-02-25,305,S9_BB_LOWER_BREAK,264.3140563964844,285.720703125,36.06010142702388,S9_BB_LOWER_BREAK
2019-05-10,2020-02-25,291,S9_BB_LOWER_BREAK,259.53057861328125,285.720703125,42.52602161420986,S9_BB_LOWER_BREAK
2019-06-07,2020-02-25,263,S9_BB_LOWER_BREAK,259.1250915527344,285.720703125,44.14784196078609,S9_BB_LOWER_BREAK
2019-07-01,2020-02-25,239,S9_BB_LOWER_BREAK,267.6362609863281,285.720703125,37.00697914569235,S9_BB_LOWER_BREAK
2019-07-15,2020-02-25,225,S9_BB_LOWER_BREAK,272.24383544921875,285.720703125,28.87797678727094,S9_BB_LOWER_BREAK
2019-07-29,2020-02-25,211,S9_BB_LOWER_BREAK,272.8865661621094,285.720703125,30.242562882187045,S9_BB_LOWER_BREAK
2019-08-12,2020-02-25,197,S9_BB_LOWER_BREAK,260.76568603515625,285.720703125,38.52188548717883,S9_BB_LOWER_BREAK
2019-08-29,2020-02-25,180,S9_BB_LOWER_BREAK,264.84814453125,285.720703125,32.73902889162132,S9_BB_LOWER_BREAK
2019-09-12,2020-03-12,182,S9_BB_LOWER_BREAK,272.7326354980469,226.7397003173828,67.60885818225117,S9_BB_LOWER_BREAK
2019-09-26,2020-10-28,398,S9_BB_LOWER_BREAK,270.0908203125,302.80810546875,57.71163205716364,S9_BB_LOWER_BREAK
2019-10-11,2020-10-28,383,S9_BB_LOWER_BREAK,269.4360656738281,302.80810546875,63.09629750086613,S9_BB_LOWER_BREAK
2019-10-25,2020-10-28,369,S9_BB_LOWER_BREAK,274.2739562988281,302.80810546875,63.88836832952399,S9_BB_LOWER_BREAK
2019-12-02,2020-10-28,331,S9_BB_LOWER_BREAK,283.40435791015625,302.80810546875,48.758961904435935,S9_BB_LOWER_BREAK
2019-12-16,2020-10-28,317,S9_BB_LOWER_BREAK,290.5521545410156,302.80810546875,47.57607658808995,S9_BB_LOWER_BREAK
2020-01-09,2020-10-28,293,S9_BB_LOWER_BREAK,298.51483154296875,302.80810546875,40.41201766924475,S9_BB_LOWER_BREAK
2020-01-27,2020-10-28,275,S9_BB_LOWER_BREAK,295.63616943359375,302.80810546875,39.78941802960133,S9_BB_LOWER_BREAK
2020-02-10,2020-10-28,261,S9_BB_LOWER_BREAK,305.8531799316406,302.80810546875,32.43435044969426,S9_BB_LOWER_BREAK
2020-02-25,2020-10-28,246,S9_BB_LOWER_BREAK,285.720703125,302.80810546875,25.77900010072331,S9_BB_LOWER_BREAK
2020-06-26,2021-03-04,251,S9_BB_LOWER_BREAK,277.0321960449219,350.682861328125,47.93043195227168,S9_BB_LOWER_BREAK
2020-07-21,2021-03-04,226,S9_BB_LOWER_BREAK,300.077392578125,350.682861328125,33.34061352834577,S9_BB_LOWER_BREAK
2020-08-04,2021-03-04,212,S9_BB_LOWER_BREAK,304.73992919921875,350.682861328125,27.847779863333045,S9_BB_LOWER_BREAK
2020-09-18,2021-05-12,236,S9_BB_LOWER_BREAK,306.5067138671875,378.64605712890625,47.39872224343368,S9_BB_LOWER_BREAK
2020-10-05,2021-05-12,219,S9_BB_LOWER_BREAK,314.95166015625,378.64605712890625,35.3571488575671,S9_BB_LOWER_BREAK
2020-11-05,2021-05-12,188,S9_BB_LOWER_BREAK,324.6663513183594,378.64605712890625,35.583691025321535,S9_BB_LOWER_BREAK
2020-11-24,2021-09-20,300,S9_BB_LOWER_BREAK,336.69854736328125,408.01519775390625,52.755892456333385,S9_BB_LOWER_BREAK
2020-12-08,2021-09-20,286,S9_BB_LOWER_BREAK,343.14111328125,408.01519775390625,45.874686541002866,S9_BB_LOWER_BREAK
2020-12-22,2021-09-20,272,S9_BB_LOWER_BREAK,341.876220703125,408.01519775390625,37.935329564440686,S9_BB_LOWER_BREAK
2021-01-07,2021-09-20,256,S9_BB_LOWER_BREAK,352.9170227050781,408.01519775390625,29.87041953060211,S9_BB_LOWER_BREAK
2021-01-21,2021-09-20,242,S9_BB_LOWER_BREAK,357.70196533203125,408.01519775390625,24.357378180122886,S9_BB_LOWER_BREAK
2021-02-04,2021-09-20,228,S9_BB_LOWER_BREAK,359.517333984375,408.01519775390625,18.313567102975092,S9_BB_LOWER_BREAK
2021-02-26,2021-09-20,206,S9_BB_LOWER_BREAK,354.09002685546875,408.01519775390625,19.054573824408113,S9_BB_LOWER_BREAK
2021-03-12,2021-09-20,192,S9_BB_LOWER_BREAK,366.8438720703125,408.01519775390625,14.454959838631003,S9_BB_LOWER_BREAK
2021-03-26,2021-09-30,188,S9_BB_LOWER_BREAK,369.838623046875,403.4089660644531,15.465746676587925,S9_BB_LOWER_BREAK
2021-04-26,2021-11-30,218,S9_BB_LOWER_BREAK,390.04058837890625,428.244873046875,27.57750726179104,S9_BB_LOWER_BREAK
2021-05-10,2021-11-30,204,S9_BB_LOWER_BREAK,390.3488464355469,428.244873046875,27.227084894598967,S9_BB_LOWER_BREAK
2021-05-24,2021-11-30,190,S9_BB_LOWER_BREAK,391.4975891113281,428.244873046875,26.283487294657494,S9_BB_LOWER_BREAK
2021-06-07,2022-01-19,226,S9_BB_LOWER_BREAK,394.31829833984375,426.1552429199219,16.94861625710479,S9_BB_LOWER_BREAK
2021-06-21,2022-01-19,212,S9_BB_LOWER_BREAK,394.3620300292969,426.1552429199219,18.090066597979888,S9_BB_LOWER_BREAK
2021-07-07,2022-01-19,196,S9_BB_LOWER_BREAK,407.1057739257813,426.1552429199219,8.458527960385592,S9_BB_LOWER_BREAK
2021-07-21,2022-01-19,182,S9_BB_LOWER_BREAK,407.1900329589844,426.1552429199219,5.7869046273141285,S9_BB_LOWER_BREAK
2021-08-04,2022-02-23,203,S9_BB_LOWER_BREAK,411.3411865234375,398.0436401367187,-16.93111862360641,S9_BB_LOWER_BREAK
2021-08-18,2022-02-23,189,S9_BB_LOWER_BREAK,411.5285949707031,398.0436401367187,-18.496245916485677,S9_BB_LOWER_BREAK
2021-09-01,2022-04-22,233,S9_BB_LOWER_BREAK,423.35400390625,403.150390625,-21.52064046676593,S9_BB_LOWER_BREAK
2021-09-15,2022-04-22,219,S9_BB_LOWER_BREAK,419.6808471679687,403.150390625,-19.895769100820672,S9_BB_LOWER_BREAK
2021-09-29,2022-04-22,205,S9_BB_LOWER_BREAK,408.4006042480469,403.150390625,-13.292392973399917,S9_BB_LOWER_BREAK
2021-10-18,2022-04-22,186,S9_BB_LOWER_BREAK,420.3768005371094,403.150390625,-15.753321170130748,S9_BB_LOWER_BREAK
2021-11-18,2022-06-13,207,S9_BB_LOWER_BREAK,441.5652160644531,354.8526611328125,-55.72898393460688,S9_BB_LOWER_BREAK
2021-12-03,2022-06-13,192,S9_BB_LOWER_BREAK,426.2332153320313,354.8526611328125,-55.7086322293573,S9_BB_LOWER_BREAK
2021-12-17,2022-06-16,181,S9_BB_LOWER_BREAK,433.815185546875,346.9512634277344,-58.719045128561255,S9_BB_LOWER_BREAK
2021-12-31,2022-08-30,242,S9_BB_LOWER_BREAK,448.05023193359375,378.443359375,-61.288207926445736,S9_BB_LOWER_BREAK
2022-01-18,2022-08-30,224,S9_BB_LOWER_BREAK,430.6266479492187,378.443359375,-53.65485496670721,S9_BB_LOWER_BREAK
2022-02-01,2022-08-30,210,S9_BB_LOWER_BREAK,427.287353515625,378.443359375,-49.827501258280705,S9_BB_LOWER_BREAK
2022-03-24,2022-09-23,183,S9_BB_LOWER_BREAK,426.2867736816406,351.1219482421875,-59.2693354221829,S9_BB_LOWER_BREAK
2023-01-13,2023-08-16,215,S9_BB_LOWER_BREAK,382.0209655761719,424.6397705078125,15.744811846849041,S9_BB_LOWER_BREAK
2023-01-30,2023-08-16,198,S9_BB_LOWER_BREAK,384.0245361328125,424.6397705078125,16.434197548363375,S9_BB_LOWER_BREAK
2023-02-13,2023-08-16,184,S9_BB_LOWER_BREAK,395.75836181640625,424.6397705078125,0.9489279973124435,S9_BB_LOWER_BREAK
2023-02-27,2023-09-21,206,S9_BB_LOWER_BREAK,381.2828063964844,418.1409912109375,6.4227668863982235,S9_BB_LOWER_BREAK
2023-03-21,2023-09-21,184,S9_BB_LOWER_BREAK,383.87347412109375,418.1409912109375,-1.439734263442445,S9_BB_LOWER_BREAK
2023-04-05,2023-10-26,204,S9_BB_LOWER_BREAK,392.23590087890625,399.8795776367187,-17.213160633827805,S9_BB_LOWER_BREAK
2023-04-21,2023-10-26,188,S9_BB_LOWER_BREAK,396.6625061035156,399.8795776367187,-18.728026241598165,S9_BB_LOWER_BREAK
2023-05-05,2024-04-15,346,S9_BB_LOWER_BREAK,397.0763244628906,492.4649353027344,63.4972616124802,S9_BB_LOWER_BREAK
2023-05-19,2024-04-15,332,S9_BB_LOWER_BREAK,402.8405151367187,492.4649353027344,59.07298332461745,S9_BB_LOWER_BREAK
2023-06-02,2024-04-15,318,S9_BB_LOWER_BREAK,411.7899169921875,492.4649353027344,58.7610126081464,S9_BB_LOWER_BREAK
2023-06-23,2024-04-15,297,S9_BB_LOWER_BREAK,418.4291076660156,492.4649353027344,56.53611486264898,S9_BB_LOWER_BREAK
2023-07-07,2024-04-15,283,S9_BB_LOWER_BREAK,423.5868835449219,492.4649353027344,51.77671395545179,S9_BB_LOWER_BREAK
2023-07-25,2024-04-15,265,S9_BB_LOWER_BREAK,439.9006652832031,492.4649353027344,35.22301255595093,S9_BB_LOWER_BREAK
2023-08-10,2024-04-15,249,S9_BB_LOWER_BREAK,430.6957702636719,492.4649353027344,41.84863249817416,S9_BB_LOWER_BREAK
2023-08-29,2024-04-15,230,S9_BB_LOWER_BREAK,433.8349304199219,492.4649353027344,45.21680161007303,S9_BB_LOWER_BREAK
2023-11-03,2024-07-25,265,S9_BB_LOWER_BREAK,421.3395690917969,527.313720703125,102.77371096207408,S9_BB_LOWER_BREAK
2023-12-06,2024-07-25,232,S9_BB_LOWER_BREAK,440.7931823730469,527.313720703125,81.3863431027336,S9_BB_LOWER_BREAK
2024-01-03,2024-07-25,204,S9_BB_LOWER_BREAK,456.2345581054687,527.313720703125,61.260126179251316,S9_BB_LOWER_BREAK
2024-01-17,2024-07-25,190,S9_BB_LOWER_BREAK,459.6408386230469,527.313720703125,59.41895735157723,S9_BB_LOWER_BREAK
2024-01-31,2024-08-02,184,S9_BB_LOWER_BREAK,469.94720458984375,521.917236328125,51.052017717755284,S9_BB_LOWER_BREAK
2024-02-14,2024-10-31,260,S9_BB_LOWER_BREAK,485.2170104980469,558.6289672851562,64.1439232007437,S9_BB_LOWER_BREAK
2024-02-28,2024-10-31,246,S9_BB_LOWER_BREAK,492.7010192871094,558.6289672851562,59.79792638932191,S9_BB_LOWER_BREAK
2024-03-13,2024-10-31,232,S9_BB_LOWER_BREAK,502.1509704589844,558.6289672851562,45.623025068672334,S9_BB_LOWER_BREAK
2024-03-27,2024-10-31,218,S9_BB_LOWER_BREAK,510.7401123046875,558.6289672851562,39.73390031586679,S9_BB_LOWER_BREAK
2024-04-10,2024-10-31,204,S9_BB_LOWER_BREAK,501.9051208496094,558.6289672851562,43.70746147065009,S9_BB_LOWER_BREAK
2024-05-03,2024-10-31,181,S9_BB_LOWER_BREAK,499.1423950195313,558.6289672851562,57.35385962847991,S9_BB_LOWER_BREAK
2024-05-30,2024-12-18,202,S9_BB_LOWER_BREAK,510.1935119628906,575.9583740234375,67.5000012772126,S9_BB_LOWER_BREAK
2024-06-13,2024-12-18,188,S9_BB_LOWER_BREAK,529.56201171875,575.9583740234375,51.21952951759825,S9_BB_LOWER_BREAK
2024-07-03,2025-02-27,239,S9_BB_LOWER_BREAK,540.0948486328125,576.6844482421875,24.432727851031306,S9_BB_LOWER_BREAK
2024-07-17,2025-02-27,225,S9_BB_LOWER_BREAK,545.4619140625,576.6844482421875,15.162126188136313,S9_BB_LOWER_BREAK
2024-07-31,2025-02-27,211,S9_BB_LOWER_BREAK,539.458251953125,576.6844482421875,20.16327131499123,S9_BB_LOWER_BREAK
2024-08-14,2025-02-27,197,S9_BB_LOWER_BREAK,532.5436401367188,576.6844482421875,23.62068787772187,S9_BB_LOWER_BREAK
2024-09-03,2025-03-03,181,S9_BB_LOWER_BREAK,540.7020263671875,575.4227294921875,7.321990926540033,S9_BB_LOWER_BREAK
2024-09-17,2025-04-03,198,S9_BB_LOWER_BREAK,551.465576171875,530.6173095703125,-18.196516651819653,S9_BB_LOWER_BREAK
2024-10-03,2025-04-03,182,S9_BB_LOWER_BREAK,557.8234252929688,530.6173095703125,-23.993967606794612,S9_BB_LOWER_BREAK
2024-10-17,2025-10-10,358,S9_BB_LOWER_BREAK,572.0975341796875,649.32275390625,31.62928610461909,S9_BB_LOWER_BREAK
2024-10-31,2025-10-10,344,S9_BB_LOWER_BREAK,558.6289672851562,649.32275390625,38.78036483365335,S9_BB_LOWER_BREAK
2024-11-14,2025-10-10,330,S9_BB_LOWER_BREAK,582.9039306640625,649.32275390625,33.702230049626635,S9_BB_LOWER_BREAK
2024-11-29,2025-10-10,315,S9_BB_LOWER_BREAK,591.94189453125,649.32275390625,28.641245462360775,S9_BB_LOWER_BREAK
2024-12-13,2025-10-10,301,S9_BB_LOWER_BREAK,593.57275390625,649.32275390625,23.12394809632153,S9_BB_LOWER_BREAK
2024-12-27,2025-10-10,287,S9_BB_LOWER_BREAK,586.5021362304688,649.32275390625,28.592386124197628,S9_BB_LOWER_BREAK
2025-01-17,2025-10-10,266,S9_BB_LOWER_BREAK,589.0353393554688,649.32275390625,28.83258988560076,S9_BB_LOWER_BREAK
2025-02-03,2025-10-10,249,S9_BB_LOWER_BREAK,589.2225341796875,649.32275390625,28.696573628731198,S9_BB_LOWER_BREAK
2025-02-18,2025-10-10,234,S9_BB_LOWER_BREAK,602.7463989257812,649.32275390625,22.317382845391247,S9_BB_LOWER_BREAK
2025-03-04,2025-10-10,220,S9_BB_LOWER_BREAK,568.6116333007812,649.32275390625,39.42934572036523,S9_BB_LOWER_BREAK
2025-03-24,2025-10-10,200,S9_BB_LOWER_BREAK,567.5736083984375,649.32275390625,56.02085539497045,S9_BB_LOWER_BREAK
2025-05-16,2025-11-18,186,S9_BB_LOWER_BREAK,587.465576171875,656.3427734375,38.537082116584,S9_BB_LOWER_BREAK
2025-06-03,2026-01-20,231,S9_BB_LOWER_BREAK,589.3341674804688,675.7345581054688,39.985540463913175,S9_BB_LOWER_BREAK
2025-06-24,2026-01-20,210,S9_BB_LOWER_BREAK,601.676513671875,675.7345581054688,33.18591033186287,S9_BB_LOWER_BREAK
2025-07-17,2026-01-20,187,S9_BB_LOWER_BREAK,622.7576293945312,675.7345581054688,18.871931494202702,S9_BB_LOWER_BREAK
2025-08-01,2026-02-05,188,S9_BB_LOWER_BREAK,616.4907836914062,675.7744750976562,22.53610364068387,S9_BB_LOWER_BREAK
2025-08-15,2026-03-06,203,S9_BB_LOWER_BREAK,638.0281372070312,670.5487060546875,18.948018572928845,S9_BB_LOWER_BREAK
2025-08-29,2026-03-06,189,S9_BB_LOWER_BREAK,639.6245727539062,670.5487060546875,18.706598439493735,S9_BB_LOWER_BREAK
2017-02-14,2018-02-05,356,S10_VIX_REGIME,201.7720642089844,232.30213928222656,100.50915387826083,S10_VIX_REGIME
2017-03-07,2018-02-05,335,S10_VIX_REGIME,204.62123107910156,232.30213928222656,86.89378323805417,S10_VIX_REGIME
2017-03-28,2018-02-05,314,S10_VIX_REGIME,204.0545959472656,232.30213928222656,100.37645788416035,S10_VIX_REGIME
2017-04-11,2018-02-05,300,S10_VIX_REGIME,203.8291778564453,232.30213928222656,99.19216106270751,S10_VIX_REGIME
2017-04-25,2018-02-05,286,S10_VIX_REGIME,206.85549926757812,232.30213928222656,103.57228694911318,S10_VIX_REGIME
2017-05-15,2018-02-05,266,S10_VIX_REGIME,208.3729705810547,232.30213928222656,97.3298407668747,S10_VIX_REGIME
2017-05-30,2018-02-05,251,S10_VIX_REGIME,209.4135284423828,232.30213928222656,95.90078319953157,S10_VIX_REGIME
2017-06-15,2018-02-05,235,S10_VIX_REGIME,211.38194274902344,232.30213928222656,92.61583060848919,S10_VIX_REGIME
2017-06-29,2018-02-05,221,S10_VIX_REGIME,210.3040313720703,232.30213928222656,100.2993338905833,S10_VIX_REGIME
2017-07-13,2018-02-05,207,S10_VIX_REGIME,212.97911071777344,232.30213928222656,99.58957911554307,S10_VIX_REGIME
2017-08-07,2018-02-05,182,S10_VIX_REGIME,215.9853515625,232.30213928222656,96.26919459419659,S10_VIX_REGIME
2017-08-22,2018-10-10,414,S10_VIX_REGIME,213.867919921875,248.15383911132812,65.97693474327528,S10_VIX_REGIME
2017-09-05,2018-10-10,400,S10_VIX_REGIME,214.40814208984375,248.15383911132812,57.78233772798487,S10_VIX_REGIME
2017-10-25,2018-10-10,350,S10_VIX_REGIME,223.55484008789065,248.15383911132812,41.38111137756666,S10_VIX_REGIME
2017-11-08,2018-10-10,336,S10_VIX_REGIME,226.8999786376953,248.15383911132812,30.916746543878055,S10_VIX_REGIME
2017-11-22,2018-10-10,322,S10_VIX_REGIME,227.46920776367188,248.15383911132812,33.11654289639319,S10_VIX_REGIME
2017-12-20,2018-10-10,294,S10_VIX_REGIME,235.0306396484375,248.15383911132812,18.57302428508438,S10_VIX_REGIME
2018-01-03,2018-10-10,280,S10_VIX_REGIME,238.0585021972656,248.15383911132812,12.627487997422929,S10_VIX_REGIME
2018-02-01,2018-10-10,251,S10_VIX_REGIME,247.83709716796875,248.15383911132812,-10.92488422389307,S10_VIX_REGIME
2018-02-15,2018-10-10,237,S10_VIX_REGIME,240.31166076660156,248.15383911132812,-7.180475666906316,S10_VIX_REGIME
2018-03-09,2018-10-10,215,S10_VIX_REGIME,245.45179748535156,248.15383911132812,-10.766837946881584,S10_VIX_REGIME
2018-03-23,2018-10-10,201,S10_VIX_REGIME,228.03643798828125,248.15383911132812,9.267479601131,S10_VIX_REGIME
2018-04-06,2018-10-10,187,S10_VIX_REGIME,229.51222229003903,248.15383911132812,11.849475832523362,S10_VIX_REGIME
2018-05-09,2018-12-24,229,S10_VIX_REGIME,238.15467834472656,210.1758728027344,-22.77537182777601,S10_VIX_REGIME
2018-05-29,2018-12-24,209,S10_VIX_REGIME,237.7305603027344,210.1758728027344,-20.969480240827718,S10_VIX_REGIME
2018-06-12,2018-12-24,195,S10_VIX_REGIME,246.47906494140625,210.1758728027344,-26.041268738474027,S10_VIX_REGIME
2018-07-06,2019-08-05,395,S10_VIX_REGIME,244.47906494140625,256.91851806640625,-3.709084465209325,S10_VIX_REGIME
2018-07-27,2019-08-05,374,S10_VIX_REGIME,249.80514526367188,256.91851806640625,-8.74579040922419,S10_VIX_REGIME
2018-08-10,2019-08-05,360,S10_VIX_REGIME,251.3495178222656,256.91851806640625,-10.298443601705527,S10_VIX_REGIME
2018-08-24,2019-08-05,346,S10_VIX_REGIME,255.21083068847656,256.91851806640625,-15.43897658024867,S10_VIX_REGIME
2018-09-07,2019-08-05,332,S10_VIX_REGIME,255.29066467285156,256.91851806640625,-18.343927145046557,S10_VIX_REGIME
2018-09-21,2019-08-05,318,S10_VIX_REGIME,260.3608703613281,256.91851806640625,-20.657960346225888,S10_VIX_REGIME
2018-10-05,2019-08-05,304,S10_VIX_REGIME,256.6424865722656,256.91851806640625,-16.45164249126226,S10_VIX_REGIME
2018-11-07,2019-08-05,271,S10_VIX_REGIME,250.57025146484375,256.91851806640625,-5.995839609738607,S10_VIX_REGIME
2018-12-03,2019-08-05,245,S10_VIX_REGIME,249.0455017089844,256.91851806640625,-1.9672962854160092,S10_VIX_REGIME
2019-02-22,2020-02-24,367,S10_VIX_REGIME,250.3563232421875,294.64923095703125,75.15872302641351,S10_VIX_REGIME
2019-03-11,2020-02-24,350,S10_VIX_REGIME,249.72848510742188,294.64923095703125,76.12270447227512,S10_VIX_REGIME
2019-03-26,2020-02-24,335,S10_VIX_REGIME,253.24281311035156,294.64923095703125,65.64294496648583,S10_VIX_REGIME
2019-04-09,2020-02-24,321,S10_VIX_REGIME,258.8188781738281,294.64923095703125,55.21063191462853,S10_VIX_REGIME
2019-04-26,2020-02-24,304,S10_VIX_REGIME,264.3140563964844,294.64923095703125,47.22593349328314,S10_VIX_REGIME
2019-05-10,2020-02-24,290,S10_VIX_REGIME,259.53057861328125,294.64923095703125,54.116697034605224,S10_VIX_REGIME
2019-06-07,2020-02-24,262,S10_VIX_REGIME,259.1250915527344,294.64923095703125,55.3597789195569,S10_VIX_REGIME
2019-07-01,2020-02-24,238,S10_VIX_REGIME,267.6362609863281,294.64923095703125,46.75127316821122,S10_VIX_REGIME
2019-07-15,2020-02-24,224,S10_VIX_REGIME,272.24383544921875,294.64923095703125,37.56933857366644,S10_VIX_REGIME
2019-07-29,2020-02-24,210,S10_VIX_REGIME,272.8865661621094,294.64923095703125,38.738551042482904,S10_VIX_REGIME
2019-08-12,2020-02-24,196,S10_VIX_REGIME,260.76568603515625,294.64923095703125,48.09793310461795,S10_VIX_REGIME
2019-08-29,2020-02-25,180,S10_VIX_REGIME,264.84814453125,285.720703125,32.73902889162132,S10_VIX_REGIME
2019-09-12,2020-03-10,180,S10_VIX_REGIME,272.7326354980469,263.5777282714844,47.19267027801942,S10_VIX_REGIME
2019-09-26,2021-01-27,489,S10_VIX_REGIME,270.0908203125,348.551025390625,130.0636712313539,S10_VIX_REGIME
2019-10-11,2021-01-27,474,S10_VIX_REGIME,269.4360656738281,348.551025390625,136.41092510987198,S10_VIX_REGIME
2019-10-25,2021-01-27,460,S10_VIX_REGIME,274.2739562988281,348.551025390625,137.05694313362955,S10_VIX_REGIME
2019-12-02,2021-01-27,422,S10_VIX_REGIME,283.40435791015625,348.551025390625,113.35498948500043,S10_VIX_REGIME
2019-12-16,2021-01-27,408,S10_VIX_REGIME,290.5521545410156,348.551025390625,111.36329329879808,S10_VIX_REGIME
2020-01-09,2021-01-27,384,S10_VIX_REGIME,298.51483154296875,348.551025390625,100.13356961207734,S10_VIX_REGIME
2020-01-27,2021-01-27,366,S10_VIX_REGIME,295.63616943359375,348.551025390625,98.07971350191539,S10_VIX_REGIME
2020-02-10,2021-01-27,352,S10_VIX_REGIME,305.8531799316406,348.551025390625,87.3961162110212,S10_VIX_REGIME
2020-02-25,2021-01-27,337,S10_VIX_REGIME,285.720703125,348.551025390625,76.33948905970458,S10_VIX_REGIME
2020-06-26,2021-01-27,215,S10_VIX_REGIME,277.0321960449219,348.551025390625,53.17192036371229,S10_VIX_REGIME
2020-07-21,2021-01-27,190,S10_VIX_REGIME,300.077392578125,348.551025390625,40.12911429093337,S10_VIX_REGIME
2020-08-04,2021-05-12,281,S10_VIX_REGIME,304.73992919921875,378.64605712890625,49.912348094444035,S10_VIX_REGIME
2020-09-18,2021-05-12,236,S10_VIX_REGIME,306.5067138671875,378.64605712890625,47.39872224343368,S10_VIX_REGIME
2020-10-05,2021-05-12,219,S10_VIX_REGIME,314.95166015625,378.64605712890625,35.3571488575671,S10_VIX_REGIME
2020-11-05,2021-05-12,188,S10_VIX_REGIME,324.6663513183594,378.64605712890625,35.583691025321535,S10_VIX_REGIME
2020-11-24,2021-11-26,367,S10_VIX_REGIME,336.69854736328125,431.4503173828125,82.2475122537173,S10_VIX_REGIME
2020-12-08,2021-11-26,353,S10_VIX_REGIME,343.14111328125,431.4503173828125,74.64207803470944,S10_VIX_REGIME
2020-12-22,2021-11-26,339,S10_VIX_REGIME,341.876220703125,431.4503173828125,64.89171744613942,S10_VIX_REGIME
2021-01-07,2021-11-26,323,S10_VIX_REGIME,352.9170227050781,431.4503173828125,56.32897977882856,S10_VIX_REGIME
2021-01-21,2021-11-26,309,S10_VIX_REGIME,357.70196533203125,431.4503173828125,50.11049042885946,S10_VIX_REGIME
2021-02-04,2021-11-26,295,S10_VIX_REGIME,359.517333984375,431.4503173828125,42.90678359687677,S10_VIX_REGIME
2021-02-26,2021-11-26,273,S10_VIX_REGIME,354.09002685546875,431.4503173828125,43.02498104382844,S10_VIX_REGIME
2021-03-12,2021-11-26,259,S10_VIX_REGIME,366.8438720703125,431.4503173828125,38.660363477114714,S10_VIX_REGIME
2021-03-26,2021-11-26,245,S10_VIX_REGIME,369.838623046875,431.4503173828125,51.00195744326121,S10_VIX_REGIME
2021-04-26,2021-11-26,214,S10_VIX_REGIME,390.04058837890625,431.4503173828125,33.146831719603775,S10_VIX_REGIME
2021-05-10,2021-11-26,200,S10_VIX_REGIME,390.3488464355469,431.4503173828125,32.741221877726865,S10_VIX_REGIME
2021-05-24,2021-11-26,186,S10_VIX_REGIME,391.4975891113281,431.4503173828125,31.748686547689474,S10_VIX_REGIME
2021-06-07,2022-01-25,232,S10_VIX_REGIME,394.31829833984375,409.8542785644531,10.663913820459552,S10_VIX_REGIME
2021-06-21,2022-01-25,218,S10_VIX_REGIME,394.3620300292969,409.8542785644531,11.946176353841697,S10_VIX_REGIME
2021-07-07,2022-01-25,202,S10_VIX_REGIME,407.1057739257813,409.8542785644531,3.647008571001393,S10_VIX_REGIME
2021-07-21,2022-01-25,188,S10_VIX_REGIME,407.1900329589844,409.8542785644531,1.2607021403556948,S10_VIX_REGIME
2021-08-04,2022-12-19,502,Max hold,411.3411865234375,364.3051452636719,-76.0524975441958,S10_VIX_REGIME
2021-08-18,2023-01-03,503,Max hold,411.5285949707031,365.0720825195313,-78.21579909438522,S10_VIX_REGIME
2021-09-01,2023-01-17,503,Max hold,423.35400390625,381.3211059570313,-78.108394565843,S10_VIX_REGIME
2021-09-15,2023-01-30,502,Max hold,419.6808471679687,384.0245361328125,-76.99575585318019,S10_VIX_REGIME
2021-09-29,2023-02-13,502,Max hold,408.4006042480469,395.75836181640625,-63.5852723736644,S10_VIX_REGIME
2021-10-18,2023-03-02,500,Max hold,420.3768005371094,381.3594665527344,-78.41681297045191,S10_VIX_REGIME
2021-11-18,2023-04-03,501,Max hold,441.5652160644531,395.4596557617187,-80.7273424348451,S10_VIX_REGIME
2021-12-03,2023-04-17,500,Max hold,426.2332153320313,398.3369140625,-77.55932384881878,S10_VIX_REGIME
2021-12-17,2023-05-01,500,Max hold,433.815185546875,399.84771728515625,-77.61804376557284,S10_VIX_REGIME
2021-12-31,2023-05-15,500,Max hold,448.05023193359375,397.44195556640625,-82.03463777504024,S10_VIX_REGIME
2022-01-18,2023-06-02,500,Max hold,430.6266479492187,411.7899169921875,-72.16215151634728,S10_VIX_REGIME
2022-02-01,2023-06-16,500,Max hold,427.287353515625,424.4658508300781,-63.381504290456114,S10_VIX_REGIME
2022-03-24,2023-08-07,501,Max hold,426.2867736816406,435.3320007324219,-56.57060935118374,S10_VIX_REGIME
2023-01-13,2024-05-28,501,Max hold,382.0209655761719,517.2222900390625,117.56530148978376,S10_VIX_REGIME
2023-01-30,2024-06-13,500,Max hold,384.0245361328125,529.56201171875,135.84155176571866,S10_VIX_REGIME
2023-02-13,2024-06-27,500,Max hold,395.75836181640625,535.109619140625,115.35198446537322,S10_VIX_REGIME
2023-02-27,2024-07-11,500,Max hold,381.2828063964844,545.0114135742188,160.34625836793595,S10_VIX_REGIME
2023-03-21,2024-08-02,500,Max hold,383.87347412109375,521.917236328125,109.69300100021498,S10_VIX_REGIME
2023-04-05,2024-08-02,485,S10_VIX_REGIME,392.23590087890625,521.917236328125,103.56236219417869,S10_VIX_REGIME
2023-04-21,2024-08-02,469,S10_VIX_REGIME,396.6625061035156,521.917236328125,100.1295386960222,S10_VIX_REGIME
2023-05-05,2024-08-02,455,S10_VIX_REGIME,397.0763244628906,521.917236328125,97.3636574556884,S10_VIX_REGIME
2023-05-19,2024-08-02,441,S10_VIX_REGIME,402.8405151367187,521.917236328125,92.68368874786589,S10_VIX_REGIME
2023-06-02,2024-08-02,427,S10_VIX_REGIME,411.7899169921875,521.917236328125,93.40517719135526,S10_VIX_REGIME
2023-06-23,2024-08-02,406,S10_VIX_REGIME,418.4291076660156,521.917236328125,91.2586423399447,S10_VIX_REGIME
2023-07-07,2024-08-02,392,S10_VIX_REGIME,423.5868835449219,521.917236328125,86.09537508652593,S10_VIX_REGIME
2023-07-25,2024-08-02,374,S10_VIX_REGIME,439.9006652832031,521.917236328125,67.6113819763666,S10_VIX_REGIME
2023-08-10,2024-08-02,358,S10_VIX_REGIME,430.6957702636719,521.917236328125,74.43502754165229,S10_VIX_REGIME
2023-08-29,2024-08-02,339,S10_VIX_REGIME,433.8349304199219,521.917236328125,78.76027383531375,S10_VIX_REGIME
2023-11-03,2024-08-02,273,S10_VIX_REGIME,421.3395690917969,521.917236328125,100.81834597634685,S10_VIX_REGIME
2023-12-06,2024-08-02,240,S10_VIX_REGIME,440.7931823730469,521.917236328125,81.36914361550298,S10_VIX_REGIME
2024-01-03,2024-08-02,212,S10_VIX_REGIME,456.2345581054687,521.917236328125,62.678787359912604,S10_VIX_REGIME
2024-01-17,2024-08-02,198,S10_VIX_REGIME,459.6408386230469,521.917236328125,61.29529408605602,S10_VIX_REGIME
2024-01-31,2024-08-02,184,S10_VIX_REGIME,469.94720458984375,521.917236328125,51.052017717755284,S10_VIX_REGIME
2024-02-14,2024-12-18,308,S10_VIX_REGIME,485.2170104980469,575.9583740234375,85.88615743965511,S10_VIX_REGIME
2024-02-28,2024-12-18,294,S10_VIX_REGIME,492.7010192871094,575.9583740234375,81.67862455826929,S10_VIX_REGIME
2024-03-13,2024-12-18,280,S10_VIX_REGIME,502.1509704589844,575.9583740234375,66.32034448686515,S10_VIX_REGIME
2024-03-27,2024-12-18,266,S10_VIX_REGIME,510.7401123046875,575.9583740234375,60.33903312398598,S10_VIX_REGIME
2024-04-10,2024-12-18,252,S10_VIX_REGIME,501.9051208496094,575.9583740234375,64.01444481287982,S10_VIX_REGIME
2024-05-03,2024-12-18,229,S10_VIX_REGIME,499.1423950195313,575.9583740234375,79.19732330648964,S10_VIX_REGIME
2024-05-30,2024-12-18,202,S10_VIX_REGIME,510.1935119628906,575.9583740234375,67.5000012772126,S10_VIX_REGIME
2024-06-13,2024-12-18,188,S10_VIX_REGIME,529.56201171875,575.9583740234375,51.21952951759825,S10_VIX_REGIME
2024-07-03,2025-03-10,250,S10_VIX_REGIME,540.0948486328125,552.5643920898438,11.398839203025931,S10_VIX_REGIME
2024-07-17,2025-03-10,236,S10_VIX_REGIME,545.4619140625,552.5643920898438,3.4835963622027113,S10_VIX_REGIME
2024-07-31,2025-03-10,222,S10_VIX_REGIME,539.458251953125,552.5643920898438,8.105628718258544,S10_VIX_REGIME
2024-08-14,2025-03-10,208,S10_VIX_REGIME,532.5436401367188,552.5643920898438,11.341854561076307,S10_VIX_REGIME
2024-09-03,2025-03-10,188,S10_VIX_REGIME,540.7020263671875,552.5643920898438,-2.9729559840418696,S10_VIX_REGIME
2024-09-17,2025-04-04,199,S10_VIX_REGIME,551.465576171875,499.5533447265625,1.7854385975277296,S10_VIX_REGIME
2024-10-03,2025-04-04,183,S10_VIX_REGIME,557.8234252929688,499.5533447265625,-4.013173912251805,S10_VIX_REGIME
2024-10-17,2025-10-16,364,S10_VIX_REGIME,572.0975341796875,656.8995971679688,40.409403926242334,S10_VIX_REGIME
2024-10-31,2025-10-16,350,S10_VIX_REGIME,558.6289672851562,656.8995971679688,47.42477191196347,S10_VIX_REGIME
2024-11-14,2025-10-16,336,S10_VIX_REGIME,582.9039306640625,656.8995971679688,43.015789420175004,S10_VIX_REGIME
2024-11-29,2025-10-16,321,S10_VIX_REGIME,591.94189453125,656.8995971679688,37.94036431186054,S10_VIX_REGIME
2024-12-13,2025-10-16,307,S10_VIX_REGIME,593.57275390625,656.8995971679688,32.058011265917294,S10_VIX_REGIME
2024-12-27,2025-10-16,293,S10_VIX_REGIME,586.5021362304688,656.8995971679688,37.57658093345498,S10_VIX_REGIME
2025-01-17,2025-10-16,272,S10_VIX_REGIME,589.0353393554688,656.8995971679688,37.848411122361775,S10_VIX_REGIME
2025-02-03,2025-10-16,255,S10_VIX_REGIME,589.2225341796875,656.8995971679688,37.649365648342176,S10_VIX_REGIME
2025-02-18,2025-10-16,240,S10_VIX_REGIME,602.7463989257812,656.8995971679688,31.324053167714816,S10_VIX_REGIME
2025-03-04,2025-10-16,226,S10_VIX_REGIME,568.6116333007812,656.8995971679688,48.21882239217366,S10_VIX_REGIME
2025-03-24,2025-10-16,206,S10_VIX_REGIME,567.5736083984375,656.8995971679688,65.76116569517137,S10_VIX_REGIME
2025-05-16,2026-03-06,294,S10_VIX_REGIME,587.465576171875,670.5487060546875,45.50786877084496,S10_VIX_REGIME
2025-06-03,2026-03-06,276,S10_VIX_REGIME,589.3341674804688,670.5487060546875,43.258927433638064,S10_VIX_REGIME
2025-06-24,2026-03-06,255,S10_VIX_REGIME,601.676513671875,670.5487060546875,37.35121717446403,S10_VIX_REGIME
2025-07-17,2026-03-06,232,S10_VIX_REGIME,622.7576293945312,670.5487060546875,24.085487806615205,S10_VIX_REGIME
2025-08-01,2026-03-06,217,S10_VIX_REGIME,616.4907836914062,670.5487060546875,27.451382127441505,S10_VIX_REGIME
2025-08-15,2026-03-06,203,S10_VIX_REGIME,638.0281372070312,670.5487060546875,18.948018572928845,S10_VIX_REGIME
2025-08-29,2026-03-06,189,S10_VIX_REGIME,639.6245727539062,670.5487060546875,18.706598439493735,S10_VIX_REGIME
2017-02-14,2018-02-05,356,S10_VIX_REGIME,201.7720642089844,232.30213928222656,100.50915387826083,COMBO_top2_low+regime
2017-03-07,2018-02-05,335,S10_VIX_REGIME,204.62123107910156,232.30213928222656,86.89378323805417,COMBO_top2_low+regime
2017-03-28,2018-02-05,314,S10_VIX_REGIME,204.0545959472656,232.30213928222656,100.37645788416035,COMBO_top2_low+regime
2017-04-11,2018-02-05,300,S10_VIX_REGIME,203.8291778564453,232.30213928222656,99.19216106270751,COMBO_top2_low+regime
2017-04-25,2018-02-05,286,S10_VIX_REGIME,206.85549926757812,232.30213928222656,103.57228694911318,COMBO_top2_low+regime
2017-05-15,2018-02-05,266,S10_VIX_REGIME,208.3729705810547,232.30213928222656,97.3298407668747,COMBO_top2_low+regime
2017-05-30,2018-02-05,251,S10_VIX_REGIME,209.4135284423828,232.30213928222656,95.90078319953157,COMBO_top2_low+regime
2017-06-15,2018-02-05,235,S10_VIX_REGIME,211.38194274902344,232.30213928222656,92.61583060848919,COMBO_top2_low+regime
2017-06-29,2018-02-05,221,S10_VIX_REGIME,210.3040313720703,232.30213928222656,100.2993338905833,COMBO_top2_low+regime
2017-07-13,2018-02-05,207,S10_VIX_REGIME,212.97911071777344,232.30213928222656,99.58957911554307,COMBO_top2_low+regime
2017-08-07,2018-02-05,182,S10_VIX_REGIME,215.9853515625,232.30213928222656,96.26919459419659,COMBO_top2_low+regime
2017-08-22,2018-10-10,414,S5_NEW_60D_LOW,213.867919921875,248.15383911132812,65.97693474327528,COMBO_top2_low+regime
2017-09-05,2018-10-10,400,S5_NEW_60D_LOW,214.40814208984375,248.15383911132812,57.78233772798487,COMBO_top2_low+regime
2017-10-25,2018-10-10,350,S5_NEW_60D_LOW,223.55484008789065,248.15383911132812,41.38111137756666,COMBO_top2_low+regime
2017-11-08,2018-10-10,336,S5_NEW_60D_LOW,226.8999786376953,248.15383911132812,30.916746543878055,COMBO_top2_low+regime
2017-11-22,2018-10-10,322,S5_NEW_60D_LOW,227.46920776367188,248.15383911132812,33.11654289639319,COMBO_top2_low+regime
2017-12-20,2018-10-10,294,S5_NEW_60D_LOW,235.0306396484375,248.15383911132812,18.57302428508438,COMBO_top2_low+regime
2018-01-03,2018-10-10,280,S5_NEW_60D_LOW,238.0585021972656,248.15383911132812,12.627487997422929,COMBO_top2_low+regime
2018-02-01,2018-10-10,251,S5_NEW_60D_LOW,247.83709716796875,248.15383911132812,-10.92488422389307,COMBO_top2_low+regime
2018-02-15,2018-10-10,237,S5_NEW_60D_LOW,240.31166076660156,248.15383911132812,-7.180475666906316,COMBO_top2_low+regime
2018-03-09,2018-10-10,215,S5_NEW_60D_LOW,245.45179748535156,248.15383911132812,-10.766837946881584,COMBO_top2_low+regime
2018-03-23,2018-10-10,201,S5_NEW_60D_LOW,228.03643798828125,248.15383911132812,9.267479601131,COMBO_top2_low+regime
2018-04-06,2018-10-10,187,S5_NEW_60D_LOW,229.51222229003903,248.15383911132812,11.849475832523362,COMBO_top2_low+regime
2018-05-09,2018-11-23,198,S5_NEW_60D_LOW,238.15467834472656,234.7341156005859,-14.270981778760339,COMBO_top2_low+regime
2018-05-29,2018-12-14,199,S5_NEW_60D_LOW,237.7305603027344,232.25521850585935,-18.54971755057732,COMBO_top2_low+regime
2018-06-12,2018-12-14,185,S5_NEW_60D_LOW,246.47906494140625,232.25521850585935,-26.65338212185083,COMBO_top2_low+regime
2018-07-06,2019-08-05,395,S10_VIX_REGIME,244.47906494140625,256.91851806640625,-3.709084465209325,COMBO_top2_low+regime
2018-07-27,2019-08-05,374,S10_VIX_REGIME,249.80514526367188,256.91851806640625,-8.74579040922419,COMBO_top2_low+regime
2018-08-10,2019-08-05,360,S10_VIX_REGIME,251.3495178222656,256.91851806640625,-10.298443601705527,COMBO_top2_low+regime
2018-08-24,2019-08-05,346,S10_VIX_REGIME,255.21083068847656,256.91851806640625,-15.43897658024867,COMBO_top2_low+regime
2018-09-07,2019-08-05,332,S10_VIX_REGIME,255.29066467285156,256.91851806640625,-18.343927145046557,COMBO_top2_low+regime
2018-09-21,2019-08-05,318,S10_VIX_REGIME,260.3608703613281,256.91851806640625,-20.657960346225888,COMBO_top2_low+regime
2018-10-05,2019-08-05,304,S10_VIX_REGIME,256.6424865722656,256.91851806640625,-16.45164249126226,COMBO_top2_low+regime
2018-11-07,2019-08-05,271,S10_VIX_REGIME,250.57025146484375,256.91851806640625,-5.995839609738607,COMBO_top2_low+regime
2018-12-03,2019-08-05,245,S10_VIX_REGIME,249.0455017089844,256.91851806640625,-1.9672962854160092,COMBO_top2_low+regime
2019-02-22,2020-02-24,367,S10_VIX_REGIME,250.3563232421875,294.64923095703125,75.15872302641351,COMBO_top2_low+regime
2019-03-11,2020-02-24,350,S10_VIX_REGIME,249.72848510742188,294.64923095703125,76.12270447227512,COMBO_top2_low+regime
2019-03-26,2020-02-24,335,S10_VIX_REGIME,253.24281311035156,294.64923095703125,65.64294496648583,COMBO_top2_low+regime
2019-04-09,2020-02-24,321,S10_VIX_REGIME,258.8188781738281,294.64923095703125,55.21063191462853,COMBO_top2_low+regime
2019-04-26,2020-02-24,304,S10_VIX_REGIME,264.3140563964844,294.64923095703125,47.22593349328314,COMBO_top2_low+regime
2019-05-10,2020-02-24,290,S10_VIX_REGIME,259.53057861328125,294.64923095703125,54.116697034605224,COMBO_top2_low+regime
2019-06-07,2020-02-24,262,S10_VIX_REGIME,259.1250915527344,294.64923095703125,55.3597789195569,COMBO_top2_low+regime
2019-07-01,2020-02-24,238,S10_VIX_REGIME,267.6362609863281,294.64923095703125,46.75127316821122,COMBO_top2_low+regime
2019-07-15,2020-02-24,224,S10_VIX_REGIME,272.24383544921875,294.64923095703125,37.56933857366644,COMBO_top2_low+regime
2019-07-29,2020-02-24,210,S10_VIX_REGIME,272.8865661621094,294.64923095703125,38.738551042482904,COMBO_top2_low+regime
2019-08-12,2020-02-24,196,S10_VIX_REGIME,260.76568603515625,294.64923095703125,48.09793310461795,COMBO_top2_low+regime
2019-08-29,2020-02-25,180,S10_VIX_REGIME,264.84814453125,285.720703125,32.73902889162132,COMBO_top2_low+regime
2019-09-12,2020-03-10,180,S10_VIX_REGIME,272.7326354980469,263.5777282714844,47.19267027801942,COMBO_top2_low+regime
2019-09-26,2021-01-27,489,S10_VIX_REGIME,270.0908203125,348.551025390625,130.0636712313539,COMBO_top2_low+regime
2019-10-11,2021-01-27,474,S10_VIX_REGIME,269.4360656738281,348.551025390625,136.41092510987198,COMBO_top2_low+regime
2019-10-25,2021-01-27,460,S10_VIX_REGIME,274.2739562988281,348.551025390625,137.05694313362955,COMBO_top2_low+regime
2019-12-02,2021-01-27,422,S10_VIX_REGIME,283.40435791015625,348.551025390625,113.35498948500043,COMBO_top2_low+regime
2019-12-16,2021-01-27,408,S10_VIX_REGIME,290.5521545410156,348.551025390625,111.36329329879808,COMBO_top2_low+regime
2020-01-09,2021-01-27,384,S10_VIX_REGIME,298.51483154296875,348.551025390625,100.13356961207734,COMBO_top2_low+regime
2020-01-27,2021-01-27,366,S10_VIX_REGIME,295.63616943359375,348.551025390625,98.07971350191539,COMBO_top2_low+regime
2020-02-10,2021-01-27,352,S10_VIX_REGIME,305.8531799316406,348.551025390625,87.3961162110212,COMBO_top2_low+regime
2020-02-25,2021-01-27,337,S10_VIX_REGIME,285.720703125,348.551025390625,76.33948905970458,COMBO_top2_low+regime
2020-06-26,2021-01-27,215,S10_VIX_REGIME,277.0321960449219,348.551025390625,53.17192036371229,COMBO_top2_low+regime
2020-07-21,2021-01-27,190,S10_VIX_REGIME,300.077392578125,348.551025390625,40.12911429093337,COMBO_top2_low+regime
2020-08-04,2021-05-12,281,S10_VIX_REGIME,304.73992919921875,378.64605712890625,49.912348094444035,COMBO_top2_low+regime
2020-09-18,2021-05-12,236,S10_VIX_REGIME,306.5067138671875,378.64605712890625,47.39872224343368,COMBO_top2_low+regime
2020-10-05,2021-05-12,219,S10_VIX_REGIME,314.95166015625,378.64605712890625,35.3571488575671,COMBO_top2_low+regime
2020-11-05,2021-05-12,188,S10_VIX_REGIME,324.6663513183594,378.64605712890625,35.583691025321535,COMBO_top2_low+regime
2020-11-24,2021-11-26,367,S10_VIX_REGIME,336.69854736328125,431.4503173828125,82.2475122537173,COMBO_top2_low+regime
2020-12-08,2021-11-26,353,S10_VIX_REGIME,343.14111328125,431.4503173828125,74.64207803470944,COMBO_top2_low+regime
2020-12-22,2021-11-26,339,S10_VIX_REGIME,341.876220703125,431.4503173828125,64.89171744613942,COMBO_top2_low+regime
2021-01-07,2021-11-26,323,S10_VIX_REGIME,352.9170227050781,431.4503173828125,56.32897977882856,COMBO_top2_low+regime
2021-01-21,2021-11-26,309,S10_VIX_REGIME,357.70196533203125,431.4503173828125,50.11049042885946,COMBO_top2_low+regime
2021-02-04,2021-11-26,295,S10_VIX_REGIME,359.517333984375,431.4503173828125,42.90678359687677,COMBO_top2_low+regime
2021-02-26,2021-11-26,273,S10_VIX_REGIME,354.09002685546875,431.4503173828125,43.02498104382844,COMBO_top2_low+regime
2021-03-12,2021-11-26,259,S10_VIX_REGIME,366.8438720703125,431.4503173828125,38.660363477114714,COMBO_top2_low+regime
2021-03-26,2021-11-26,245,S10_VIX_REGIME,369.838623046875,431.4503173828125,51.00195744326121,COMBO_top2_low+regime
2021-04-26,2021-11-26,214,S10_VIX_REGIME,390.04058837890625,431.4503173828125,33.146831719603775,COMBO_top2_low+regime
2021-05-10,2021-11-26,200,S10_VIX_REGIME,390.3488464355469,431.4503173828125,32.741221877726865,COMBO_top2_low+regime
2021-05-24,2021-11-26,186,S10_VIX_REGIME,391.4975891113281,431.4503173828125,31.748686547689474,COMBO_top2_low+regime
2021-06-07,2022-01-20,227,S5_NEW_60D_LOW,394.31829833984375,421.43853759765625,14.35267966217789,COMBO_top2_low+regime
2021-06-21,2022-01-20,213,S5_NEW_60D_LOW,394.3620300292969,421.43853759765625,15.52771750874656,COMBO_top2_low+regime
2021-07-07,2022-01-20,197,S5_NEW_60D_LOW,407.1057739257813,421.43853759765625,6.27390022888879,COMBO_top2_low+regime
2021-07-21,2022-01-20,183,S5_NEW_60D_LOW,407.1900329589844,421.43853759765625,3.705596471925674,COMBO_top2_low+regime
2021-08-04,2022-02-22,202,S5_NEW_60D_LOW,411.3411865234375,405.23193359375,-14.939863914410253,COMBO_top2_low+regime
2021-08-18,2022-02-22,188,S5_NEW_60D_LOW,411.5285949707031,405.23193359375,-16.618596108159053,COMBO_top2_low+regime
2021-09-01,2022-03-07,187,S5_NEW_60D_LOW,423.35400390625,395.6664123535156,-13.568487527408518,COMBO_top2_low+regime
2021-09-15,2022-04-29,226,S5_NEW_60D_LOW,419.6808471679687,389.86474609375,-25.375329194121786,COMBO_top2_low+regime
2021-09-29,2022-04-29,212,S5_NEW_60D_LOW,408.4006042480469,389.86474609375,-19.208044781963537,COMBO_top2_low+regime
2021-10-18,2022-04-29,193,S5_NEW_60D_LOW,420.3768005371094,389.86474609375,-21.223950550580454,COMBO_top2_low+regime
2021-11-18,2022-05-18,181,S5_NEW_60D_LOW,441.5652160644531,370.8068237304687,-45.5714214819345,COMBO_top2_low+regime
2021-12-03,2022-06-13,192,S5_NEW_60D_LOW,426.2332153320313,354.8526611328125,-55.7086322293573,COMBO_top2_low+regime
2021-12-17,2022-06-16,181,S5_NEW_60D_LOW,433.815185546875,346.9512634277344,-58.719045128561255,COMBO_top2_low+regime
2021-12-31,2022-09-22,265,S5_NEW_60D_LOW,448.05023193359375,357.10516357421875,-71.08378460595983,COMBO_top2_low+regime
2022-01-18,2022-09-22,247,S5_NEW_60D_LOW,430.6266479492187,357.10516357421875,-64.720326353046,COMBO_top2_low+regime
2022-02-01,2022-09-22,233,S5_NEW_60D_LOW,427.287353515625,357.10516357421875,-61.5084813506694,COMBO_top2_low+regime
2022-03-24,2022-09-22,182,S5_NEW_60D_LOW,426.2867736816406,357.10516357421875,-59.290916990695294,COMBO_top2_low+regime
2023-01-13,2023-09-21,251,S5_NEW_60D_LOW,382.0209655761719,418.1409912109375,2.318880250542206,COMBO_top2_low+regime
2023-01-30,2023-09-21,234,S5_NEW_60D_LOW,384.0245361328125,418.1409912109375,2.8424194399605915,COMBO_top2_low+regime
2023-02-13,2023-09-21,220,S5_NEW_60D_LOW,395.75836181640625,418.1409912109375,-11.933642292273593,COMBO_top2_low+regime
2023-02-27,2023-09-21,206,S5_NEW_60D_LOW,381.2828063964844,418.1409912109375,6.4227668863982235,COMBO_top2_low+regime
2023-03-21,2023-09-21,184,S5_NEW_60D_LOW,383.87347412109375,418.1409912109375,-1.439734263442445,COMBO_top2_low+regime
2023-04-05,2023-10-03,181,S5_NEW_60D_LOW,392.23590087890625,408.6419372558594,-10.749070269328246,COMBO_top2_low+regime
2023-04-21,2023-10-20,182,S5_NEW_60D_LOW,396.6625061035156,408.2542419433594,-8.788102340527468,COMBO_top2_low+regime
2023-05-05,2024-08-02,455,S10_VIX_REGIME,397.0763244628906,521.917236328125,97.3636574556884,COMBO_top2_low+regime
2023-05-19,2024-08-02,441,S10_VIX_REGIME,402.8405151367187,521.917236328125,92.68368874786589,COMBO_top2_low+regime
2023-06-02,2024-08-02,427,S10_VIX_REGIME,411.7899169921875,521.917236328125,93.40517719135526,COMBO_top2_low+regime
2023-06-23,2024-08-02,406,S10_VIX_REGIME,418.4291076660156,521.917236328125,91.2586423399447,COMBO_top2_low+regime
2023-07-07,2024-08-02,392,S10_VIX_REGIME,423.5868835449219,521.917236328125,86.09537508652593,COMBO_top2_low+regime
2023-07-25,2024-08-02,374,S10_VIX_REGIME,439.9006652832031,521.917236328125,67.6113819763666,COMBO_top2_low+regime
2023-08-10,2024-08-02,358,S10_VIX_REGIME,430.6957702636719,521.917236328125,74.43502754165229,COMBO_top2_low+regime
2023-08-29,2024-08-02,339,S10_VIX_REGIME,433.8349304199219,521.917236328125,78.76027383531375,COMBO_top2_low+regime
2023-11-03,2024-08-02,273,S10_VIX_REGIME,421.3395690917969,521.917236328125,100.81834597634685,COMBO_top2_low+regime
2023-12-06,2024-08-02,240,S10_VIX_REGIME,440.7931823730469,521.917236328125,81.36914361550298,COMBO_top2_low+regime
2024-01-03,2024-08-02,212,S10_VIX_REGIME,456.2345581054687,521.917236328125,62.678787359912604,COMBO_top2_low+regime
2024-01-17,2024-08-02,198,S10_VIX_REGIME,459.6408386230469,521.917236328125,61.29529408605602,COMBO_top2_low+regime
2024-01-31,2024-08-02,184,S10_VIX_REGIME,469.94720458984375,521.917236328125,51.052017717755284,COMBO_top2_low+regime
2024-02-14,2024-12-18,308,S10_VIX_REGIME,485.2170104980469,575.9583740234375,85.88615743965511,COMBO_top2_low+regime
2024-02-28,2024-12-18,294,S10_VIX_REGIME,492.7010192871094,575.9583740234375,81.67862455826929,COMBO_top2_low+regime
2024-03-13,2024-12-18,280,S10_VIX_REGIME,502.1509704589844,575.9583740234375,66.32034448686515,COMBO_top2_low+regime
2024-03-27,2024-12-18,266,S10_VIX_REGIME,510.7401123046875,575.9583740234375,60.33903312398598,COMBO_top2_low+regime
2024-04-10,2024-12-18,252,S10_VIX_REGIME,501.9051208496094,575.9583740234375,64.01444481287982,COMBO_top2_low+regime
2024-05-03,2024-12-18,229,S10_VIX_REGIME,499.1423950195313,575.9583740234375,79.19732330648964,COMBO_top2_low+regime
2024-05-30,2024-12-18,202,S10_VIX_REGIME,510.1935119628906,575.9583740234375,67.5000012772126,COMBO_top2_low+regime
2024-06-13,2024-12-18,188,S10_VIX_REGIME,529.56201171875,575.9583740234375,51.21952951759825,COMBO_top2_low+regime
2024-07-03,2025-03-04,244,S5_NEW_60D_LOW,540.0948486328125,568.6116333007812,19.12517998374874,COMBO_top2_low+regime
2024-07-17,2025-03-04,230,S5_NEW_60D_LOW,545.4619140625,568.6116333007812,10.35797394415555,COMBO_top2_low+regime
2024-07-31,2025-03-04,216,S5_NEW_60D_LOW,539.458251953125,568.6116333007812,15.237289824972471,COMBO_top2_low+regime
2024-08-14,2025-03-04,202,S5_NEW_60D_LOW,532.5436401367188,568.6116333007812,18.637861098879455,COMBO_top2_low+regime
2024-09-03,2025-03-04,182,S5_NEW_60D_LOW,540.7020263671875,568.6116333007812,3.002180179963642,COMBO_top2_low+regime
2024-09-17,2025-04-03,198,S5_NEW_60D_LOW,551.465576171875,530.6173095703125,-18.196516651819653,COMBO_top2_low+regime
2024-10-03,2025-04-03,182,S5_NEW_60D_LOW,557.8234252929688,530.6173095703125,-23.993967606794612,COMBO_top2_low+regime
2024-10-17,2025-10-16,364,S10_VIX_REGIME,572.0975341796875,656.8995971679688,40.409403926242334,COMBO_top2_low+regime
2024-10-31,2025-10-16,350,S10_VIX_REGIME,558.6289672851562,656.8995971679688,47.42477191196347,COMBO_top2_low+regime
2024-11-14,2025-10-16,336,S10_VIX_REGIME,582.9039306640625,656.8995971679688,43.015789420175004,COMBO_top2_low+regime
2024-11-29,2025-10-16,321,S10_VIX_REGIME,591.94189453125,656.8995971679688,37.94036431186054,COMBO_top2_low+regime
2024-12-13,2025-10-16,307,S10_VIX_REGIME,593.57275390625,656.8995971679688,32.058011265917294,COMBO_top2_low+regime
2024-12-27,2025-10-16,293,S10_VIX_REGIME,586.5021362304688,656.8995971679688,37.57658093345498,COMBO_top2_low+regime
2025-01-17,2025-10-16,272,S10_VIX_REGIME,589.0353393554688,656.8995971679688,37.848411122361775,COMBO_top2_low+regime
2025-02-03,2025-10-16,255,S10_VIX_REGIME,589.2225341796875,656.8995971679688,37.649365648342176,COMBO_top2_low+regime
2025-02-18,2025-10-16,240,S10_VIX_REGIME,602.7463989257812,656.8995971679688,31.324053167714816,COMBO_top2_low+regime
2025-03-04,2025-10-16,226,S10_VIX_REGIME,568.6116333007812,656.8995971679688,48.21882239217366,COMBO_top2_low+regime
2025-03-24,2025-10-16,206,S10_VIX_REGIME,567.5736083984375,656.8995971679688,65.76116569517137,COMBO_top2_low+regime
2025-05-16,2026-03-06,294,S10_VIX_REGIME,587.465576171875,670.5487060546875,45.50786877084496,COMBO_top2_low+regime
2025-06-03,2026-03-06,276,S10_VIX_REGIME,589.3341674804688,670.5487060546875,43.258927433638064,COMBO_top2_low+regime
2025-06-24,2026-03-06,255,S10_VIX_REGIME,601.676513671875,670.5487060546875,37.35121717446403,COMBO_top2_low+regime
2025-07-17,2026-03-06,232,S10_VIX_REGIME,622.7576293945312,670.5487060546875,24.085487806615205,COMBO_top2_low+regime
2025-08-01,2026-03-06,217,S10_VIX_REGIME,616.4907836914062,670.5487060546875,27.451382127441505,COMBO_top2_low+regime
2025-08-15,2026-03-06,203,S10_VIX_REGIME,638.0281372070312,670.5487060546875,18.948018572928845,COMBO_top2_low+regime
2025-08-29,2026-03-06,189,S10_VIX_REGIME,639.6245727539062,670.5487060546875,18.706598439493735,COMBO_top2_low+regime
2017-02-14,2018-02-02,353,S2_VIX_PANIC,201.7720642089844,242.441650390625,90.19890519862153,COMBO_top3_lowVixPanic
2017-03-07,2018-02-02,332,S2_VIX_PANIC,204.62123107910156,242.441650390625,73.10778461651162,COMBO_top3_lowVixPanic
2017-03-28,2018-02-02,311,S2_VIX_PANIC,204.0545959472656,242.441650390625,85.31299793729079,COMBO_top3_lowVixPanic
2017-04-11,2018-02-02,297,S2_VIX_PANIC,203.8291778564453,242.441650390625,83.4001905071349,COMBO_top3_lowVixPanic
2017-04-25,2018-02-02,283,S2_VIX_PANIC,206.85549926757812,242.441650390625,83.50946595930506,COMBO_top3_lowVixPanic
2017-05-15,2018-02-02,263,S2_VIX_PANIC,208.3729705810547,242.441650390625,75.84461122774627,COMBO_top3_lowVixPanic
2017-05-30,2018-02-02,248,S2_VIX_PANIC,209.4135284423828,242.441650390625,72.84690722126635,COMBO_top3_lowVixPanic
2017-06-15,2018-02-02,232,S2_VIX_PANIC,211.38194274902344,242.441650390625,67.2271515839925,COMBO_top3_lowVixPanic
2017-06-29,2018-02-02,218,S2_VIX_PANIC,210.3040313720703,242.441650390625,74.38263533869178,COMBO_top3_lowVixPanic
2017-07-13,2018-02-02,204,S2_VIX_PANIC,212.97911071777344,242.441650390625,70.04819492049407,COMBO_top3_lowVixPanic
2017-08-07,2018-02-05,182,S10_VIX_REGIME,215.9853515625,232.30213928222656,96.26919459419659,COMBO_top3_lowVixPanic
2017-08-22,2018-03-22,212,S2_VIX_PANIC,213.867919921875,233.00282287597656,46.72525682031577,COMBO_top3_lowVixPanic
2017-09-05,2018-03-22,198,S2_VIX_PANIC,214.40814208984375,233.00282287597656,39.5459182363741,COMBO_top3_lowVixPanic
2017-10-25,2018-10-10,350,S5_NEW_60D_LOW,223.55484008789065,248.15383911132812,41.38111137756666,COMBO_top3_lowVixPanic
2017-11-08,2018-10-10,336,S5_NEW_60D_LOW,226.8999786376953,248.15383911132812,30.916746543878055,COMBO_top3_lowVixPanic
2017-11-22,2018-10-10,322,S5_NEW_60D_LOW,227.46920776367188,248.15383911132812,33.11654289639319,COMBO_top3_lowVixPanic
2017-12-20,2018-10-10,294,S5_NEW_60D_LOW,235.0306396484375,248.15383911132812,18.57302428508438,COMBO_top3_lowVixPanic
2018-01-03,2018-10-10,280,S5_NEW_60D_LOW,238.0585021972656,248.15383911132812,12.627487997422929,COMBO_top3_lowVixPanic
2018-02-01,2018-10-10,251,S5_NEW_60D_LOW,247.83709716796875,248.15383911132812,-10.92488422389307,COMBO_top3_lowVixPanic
2018-02-15,2018-10-10,237,S5_NEW_60D_LOW,240.31166076660156,248.15383911132812,-7.180475666906316,COMBO_top3_lowVixPanic
2018-03-09,2018-10-10,215,S5_NEW_60D_LOW,245.45179748535156,248.15383911132812,-10.766837946881584,COMBO_top3_lowVixPanic
2018-03-23,2018-10-10,201,S5_NEW_60D_LOW,228.03643798828125,248.15383911132812,9.267479601131,COMBO_top3_lowVixPanic
2018-04-06,2018-10-10,187,S5_NEW_60D_LOW,229.51222229003903,248.15383911132812,11.849475832523362,COMBO_top3_lowVixPanic
2018-05-09,2018-11-23,198,S5_NEW_60D_LOW,238.15467834472656,234.7341156005859,-14.270981778760339,COMBO_top3_lowVixPanic
2018-05-29,2018-12-14,199,S5_NEW_60D_LOW,237.7305603027344,232.25521850585935,-18.54971755057732,COMBO_top3_lowVixPanic
2018-06-12,2018-12-14,185,S5_NEW_60D_LOW,246.47906494140625,232.25521850585935,-26.65338212185083,COMBO_top3_lowVixPanic
2018-07-06,2019-05-07,305,S2_VIX_PANIC,244.47906494140625,259.37744140625,1.192406570826204,COMBO_top3_lowVixPanic
2018-07-27,2019-05-07,284,S2_VIX_PANIC,249.80514526367188,259.37744140625,-4.8293211577214095,COMBO_top3_lowVixPanic
2018-08-10,2019-05-07,270,S2_VIX_PANIC,251.3495178222656,259.37744140625,-6.86349142361466,COMBO_top3_lowVixPanic
2018-08-24,2019-05-07,256,S2_VIX_PANIC,255.21083068847656,259.37744140625,-12.721751720296973,COMBO_top3_lowVixPanic
2018-09-07,2019-05-07,242,S2_VIX_PANIC,255.29066467285156,259.37744140625,-16.043380213961782,COMBO_top3_lowVixPanic
2018-09-21,2019-05-07,228,S2_VIX_PANIC,260.3608703613281,259.37744140625,-19.005994144332437,COMBO_top3_lowVixPanic
2018-10-05,2019-05-07,214,S2_VIX_PANIC,256.6424865722656,259.37744140625,-14.822922662296916,COMBO_top3_lowVixPanic
2018-11-07,2019-05-07,181,S2_VIX_PANIC,250.57025146484375,259.37744140625,-4.4160582035384,COMBO_top3_lowVixPanic
2018-12-03,2019-08-05,245,S10_VIX_REGIME,249.0455017089844,256.91851806640625,-1.9672962854160092,COMBO_top3_lowVixPanic
2019-02-22,2020-01-27,339,S2_VIX_PANIC,250.3563232421875,295.63616943359375,70.72077001646987,COMBO_top3_lowVixPanic
2019-03-11,2020-01-27,322,S2_VIX_PANIC,249.72848510742188,295.63616943359375,71.34952229010658,COMBO_top3_lowVixPanic
2019-03-26,2020-01-27,307,S2_VIX_PANIC,253.24281311035156,295.63616943359375,60.25392905389083,COMBO_top3_lowVixPanic
2019-04-09,2020-01-27,293,S2_VIX_PANIC,258.8188781738281,295.63616943359375,48.60026597133344,COMBO_top3_lowVixPanic
2019-04-26,2020-01-27,276,S2_VIX_PANIC,264.3140563964844,295.63616943359375,39.541061432219514,COMBO_top3_lowVixPanic
2019-05-10,2020-01-27,262,S2_VIX_PANIC,259.53057861328125,295.63616943359375,46.883266392256004,COMBO_top3_lowVixPanic
2019-06-07,2020-01-27,234,S2_VIX_PANIC,259.1250915527344,295.63616943359375,47.954051481716334,COMBO_top3_lowVixPanic
2019-07-01,2020-01-27,210,S2_VIX_PANIC,267.6362609863281,295.63616943359375,37.32884200442098,COMBO_top3_lowVixPanic
2019-07-15,2020-01-27,196,S2_VIX_PANIC,272.24383544921875,295.63616943359375,27.627028137739597,COMBO_top3_lowVixPanic
2019-07-29,2020-01-27,182,S2_VIX_PANIC,272.8865661621094,295.63616943359375,28.341540498723127,COMBO_top3_lowVixPanic
2019-08-12,2020-02-24,196,S10_VIX_REGIME,260.76568603515625,294.64923095703125,48.09793310461795,COMBO_top3_lowVixPanic
2019-08-29,2020-02-25,180,S10_VIX_REGIME,264.84814453125,285.720703125,32.73902889162132,COMBO_top3_lowVixPanic
2019-09-12,2020-03-10,180,S10_VIX_REGIME,272.7326354980469,263.5777282714844,47.19267027801942,COMBO_top3_lowVixPanic
2019-09-26,2020-04-21,208,S2_VIX_PANIC,270.0908203125,250.98974609375,16.697915253766325,COMBO_top3_lowVixPanic
2019-10-11,2020-04-21,193,S2_VIX_PANIC,269.4360656738281,250.98974609375,20.74879983662023,COMBO_top3_lowVixPanic
2019-10-25,2020-06-11,230,S2_VIX_PANIC,274.2739562988281,276.33319091796875,50.376053245327455,COMBO_top3_lowVixPanic
2019-12-02,2020-06-11,192,S2_VIX_PANIC,283.40435791015625,276.33319091796875,37.92607744033611,COMBO_top3_lowVixPanic
2019-12-16,2020-06-15,182,S2_VIX_PANIC,290.5521545410156,282.2530822753906,36.875450246602966,COMBO_top3_lowVixPanic
2020-01-09,2020-09-03,238,S2_VIX_PANIC,298.51483154296875,318.8939208984375,74.16836706924946,COMBO_top3_lowVixPanic
2020-01-27,2020-09-03,220,S2_VIX_PANIC,295.63616943359375,318.8939208984375,72.09942188053435,COMBO_top3_lowVixPanic
2020-02-10,2020-09-03,206,S2_VIX_PANIC,305.8531799316406,318.8939208984375,63.98167392522146,COMBO_top3_lowVixPanic
2020-02-25,2020-09-03,191,S2_VIX_PANIC,285.720703125,318.8939208984375,52.48794132341186,COMBO_top3_lowVixPanic
2020-06-26,2021-01-27,215,S10_VIX_REGIME,277.0321960449219,348.551025390625,53.17192036371229,COMBO_top3_lowVixPanic
2020-07-21,2021-01-27,190,S10_VIX_REGIME,300.077392578125,348.551025390625,40.12911429093337,COMBO_top3_lowVixPanic
2020-08-04,2021-02-01,181,S2_VIX_PANIC,304.73992919921875,350.2452697753906,32.652362687058314,COMBO_top3_lowVixPanic
2020-09-18,2021-05-12,236,S10_VIX_REGIME,306.5067138671875,378.64605712890625,47.39872224343368,COMBO_top3_lowVixPanic
2020-10-05,2021-05-12,219,S10_VIX_REGIME,314.95166015625,378.64605712890625,35.3571488575671,COMBO_top3_lowVixPanic
2020-11-05,2021-05-12,188,S10_VIX_REGIME,324.6663513183594,378.64605712890625,35.583691025321535,COMBO_top3_lowVixPanic
2020-11-24,2021-07-19,237,S2_VIX_PANIC,336.69854736328125,398.2133483886719,42.845875648934374,COMBO_top3_lowVixPanic
2020-12-08,2021-07-19,223,S2_VIX_PANIC,343.14111328125,398.2133483886719,36.26757115447107,COMBO_top3_lowVixPanic
2020-12-22,2021-07-19,209,S2_VIX_PANIC,341.876220703125,398.2133483886719,28.86824687892595,COMBO_top3_lowVixPanic
2021-01-07,2021-07-19,193,S2_VIX_PANIC,352.9170227050781,398.2133483886719,21.088686959530037,COMBO_top3_lowVixPanic
2021-01-21,2021-08-19,210,S2_VIX_PANIC,357.70196533203125,412.1657104492187,28.89598663541416,COMBO_top3_lowVixPanic
2021-02-04,2021-08-19,196,S2_VIX_PANIC,359.517333984375,412.1657104492187,22.546786742980967,COMBO_top3_lowVixPanic
2021-02-26,2021-09-20,206,S2_VIX_PANIC,354.09002685546875,408.01519775390625,19.054573824408113,COMBO_top3_lowVixPanic
2021-03-12,2021-09-20,192,S2_VIX_PANIC,366.8438720703125,408.01519775390625,14.454959838631003,COMBO_top3_lowVixPanic
2021-03-26,2021-11-26,245,S10_VIX_REGIME,369.838623046875,431.4503173828125,51.00195744326121,COMBO_top3_lowVixPanic
2021-04-26,2021-11-26,214,S10_VIX_REGIME,390.04058837890625,431.4503173828125,33.146831719603775,COMBO_top3_lowVixPanic
2021-05-10,2021-11-26,200,S10_VIX_REGIME,390.3488464355469,431.4503173828125,32.741221877726865,COMBO_top3_lowVixPanic
2021-05-24,2021-11-26,186,S10_VIX_REGIME,391.4975891113281,431.4503173828125,31.748686547689474,COMBO_top3_lowVixPanic
2021-06-07,2022-01-20,227,S5_NEW_60D_LOW,394.31829833984375,421.43853759765625,14.35267966217789,COMBO_top3_lowVixPanic
2021-06-21,2022-01-20,213,S5_NEW_60D_LOW,394.3620300292969,421.43853759765625,15.52771750874656,COMBO_top3_lowVixPanic
2021-07-07,2022-01-20,197,S5_NEW_60D_LOW,407.1057739257813,421.43853759765625,6.27390022888879,COMBO_top3_lowVixPanic
2021-07-21,2022-01-20,183,S5_NEW_60D_LOW,407.1900329589844,421.43853759765625,3.705596471925674,COMBO_top3_lowVixPanic
2021-08-04,2022-02-22,202,S5_NEW_60D_LOW,411.3411865234375,405.23193359375,-14.939863914410253,COMBO_top3_lowVixPanic
2021-08-18,2022-02-22,188,S5_NEW_60D_LOW,411.5285949707031,405.23193359375,-16.618596108159053,COMBO_top3_lowVixPanic
2021-09-01,2022-03-07,187,S5_NEW_60D_LOW,423.35400390625,395.6664123535156,-13.568487527408518,COMBO_top3_lowVixPanic
2021-09-15,2022-04-26,223,S2_VIX_PANIC,419.6808471679687,393.7444458007813,-22.642863897340757,COMBO_top3_lowVixPanic
2021-09-29,2022-04-26,209,S2_VIX_PANIC,408.4006042480469,393.7444458007813,-16.36778431067064,COMBO_top3_lowVixPanic
2021-10-18,2022-04-26,190,S2_VIX_PANIC,420.3768005371094,393.7444458007813,-18.447749758233584,COMBO_top3_lowVixPanic
2021-11-18,2022-05-18,181,S5_NEW_60D_LOW,441.5652160644531,370.8068237304687,-45.5714214819345,COMBO_top3_lowVixPanic
2021-12-03,2022-06-13,192,S5_NEW_60D_LOW,426.2332153320313,354.8526611328125,-55.7086322293573,COMBO_top3_lowVixPanic
2021-12-17,2022-06-16,181,S5_NEW_60D_LOW,433.815185546875,346.9512634277344,-58.719045128561255,COMBO_top3_lowVixPanic
2021-12-31,2022-09-22,265,S5_NEW_60D_LOW,448.05023193359375,357.10516357421875,-71.08378460595983,COMBO_top3_lowVixPanic
2022-01-18,2022-09-22,247,S5_NEW_60D_LOW,430.6266479492187,357.10516357421875,-64.720326353046,COMBO_top3_lowVixPanic
2022-02-01,2022-09-22,233,S5_NEW_60D_LOW,427.287353515625,357.10516357421875,-61.5084813506694,COMBO_top3_lowVixPanic
2022-03-24,2022-09-22,182,S5_NEW_60D_LOW,426.2867736816406,357.10516357421875,-59.290916990695294,COMBO_top3_lowVixPanic
2023-01-13,2023-09-21,251,S5_NEW_60D_LOW,382.0209655761719,418.1409912109375,2.318880250542206,COMBO_top3_lowVixPanic
2023-01-30,2023-09-21,234,S5_NEW_60D_LOW,384.0245361328125,418.1409912109375,2.8424194399605915,COMBO_top3_lowVixPanic
2023-02-13,2023-09-21,220,S5_NEW_60D_LOW,395.75836181640625,418.1409912109375,-11.933642292273593,COMBO_top3_lowVixPanic
2023-02-27,2023-09-21,206,S5_NEW_60D_LOW,381.2828063964844,418.1409912109375,6.4227668863982235,COMBO_top3_lowVixPanic
2023-03-21,2023-09-21,184,S5_NEW_60D_LOW,383.87347412109375,418.1409912109375,-1.439734263442445,COMBO_top3_lowVixPanic
2023-04-05,2023-10-03,181,S5_NEW_60D_LOW,392.23590087890625,408.6419372558594,-10.749070269328246,COMBO_top3_lowVixPanic
2023-04-21,2023-10-20,182,S5_NEW_60D_LOW,396.6625061035156,408.2542419433594,-8.788102340527468,COMBO_top3_lowVixPanic
2023-05-05,2024-08-02,455,S10_VIX_REGIME,397.0763244628906,521.917236328125,97.3636574556884,COMBO_top3_lowVixPanic
2023-05-19,2024-08-02,441,S10_VIX_REGIME,402.8405151367187,521.917236328125,92.68368874786589,COMBO_top3_lowVixPanic
2023-06-02,2024-08-02,427,S10_VIX_REGIME,411.7899169921875,521.917236328125,93.40517719135526,COMBO_top3_lowVixPanic
2023-06-23,2024-08-02,406,S10_VIX_REGIME,418.4291076660156,521.917236328125,91.2586423399447,COMBO_top3_lowVixPanic
2023-07-07,2024-08-02,392,S10_VIX_REGIME,423.5868835449219,521.917236328125,86.09537508652593,COMBO_top3_lowVixPanic
2023-07-25,2024-08-02,374,S10_VIX_REGIME,439.9006652832031,521.917236328125,67.6113819763666,COMBO_top3_lowVixPanic
2023-08-10,2024-08-02,358,S10_VIX_REGIME,430.6957702636719,521.917236328125,74.43502754165229,COMBO_top3_lowVixPanic
2023-08-29,2024-08-02,339,S10_VIX_REGIME,433.8349304199219,521.917236328125,78.76027383531375,COMBO_top3_lowVixPanic
2023-11-03,2024-08-02,273,S10_VIX_REGIME,421.3395690917969,521.917236328125,100.81834597634685,COMBO_top3_lowVixPanic
2023-12-06,2024-08-02,240,S10_VIX_REGIME,440.7931823730469,521.917236328125,81.36914361550298,COMBO_top3_lowVixPanic
2024-01-03,2024-08-02,212,S10_VIX_REGIME,456.2345581054687,521.917236328125,62.678787359912604,COMBO_top3_lowVixPanic
2024-01-17,2024-08-02,198,S10_VIX_REGIME,459.6408386230469,521.917236328125,61.29529408605602,COMBO_top3_lowVixPanic
2024-01-31,2024-08-02,184,S10_VIX_REGIME,469.94720458984375,521.917236328125,51.052017717755284,COMBO_top3_lowVixPanic
2024-02-14,2024-09-06,205,S2_VIX_PANIC,485.2170104980469,529.2235717773438,37.58808306343124,COMBO_top3_lowVixPanic
2024-02-28,2024-09-06,191,S2_VIX_PANIC,492.7010192871094,529.2235717773438,33.856173870992926,COMBO_top3_lowVixPanic
2024-03-13,2024-12-18,280,S10_VIX_REGIME,502.1509704589844,575.9583740234375,66.32034448686515,COMBO_top3_lowVixPanic
2024-03-27,2024-12-18,266,S10_VIX_REGIME,510.7401123046875,575.9583740234375,60.33903312398598,COMBO_top3_lowVixPanic
2024-04-10,2024-12-18,252,S10_VIX_REGIME,501.9051208496094,575.9583740234375,64.01444481287982,COMBO_top3_lowVixPanic
2024-05-03,2024-12-18,229,S10_VIX_REGIME,499.1423950195313,575.9583740234375,79.19732330648964,COMBO_top3_lowVixPanic
2024-05-30,2024-12-18,202,S10_VIX_REGIME,510.1935119628906,575.9583740234375,67.5000012772126,COMBO_top3_lowVixPanic
2024-06-13,2024-12-18,188,S10_VIX_REGIME,529.56201171875,575.9583740234375,51.21952951759825,COMBO_top3_lowVixPanic
2024-07-03,2025-03-04,244,S5_NEW_60D_LOW,540.0948486328125,568.6116333007812,19.12517998374874,COMBO_top3_lowVixPanic
2024-07-17,2025-03-04,230,S5_NEW_60D_LOW,545.4619140625,568.6116333007812,10.35797394415555,COMBO_top3_lowVixPanic
2024-07-31,2025-03-04,216,S5_NEW_60D_LOW,539.458251953125,568.6116333007812,15.237289824972471,COMBO_top3_lowVixPanic
2024-08-14,2025-03-04,202,S5_NEW_60D_LOW,532.5436401367188,568.6116333007812,18.637861098879455,COMBO_top3_lowVixPanic
2024-09-03,2025-03-04,182,S5_NEW_60D_LOW,540.7020263671875,568.6116333007812,3.002180179963642,COMBO_top3_lowVixPanic
2024-09-17,2025-04-03,198,S5_NEW_60D_LOW,551.465576171875,530.6173095703125,-18.196516651819653,COMBO_top3_lowVixPanic
2024-10-03,2025-04-03,182,S5_NEW_60D_LOW,557.8234252929688,530.6173095703125,-23.993967606794612,COMBO_top3_lowVixPanic
2024-10-17,2025-10-16,364,S10_VIX_REGIME,572.0975341796875,656.8995971679688,40.409403926242334,COMBO_top3_lowVixPanic
2024-10-31,2025-10-16,350,S10_VIX_REGIME,558.6289672851562,656.8995971679688,47.42477191196347,COMBO_top3_lowVixPanic
2024-11-14,2025-10-16,336,S10_VIX_REGIME,582.9039306640625,656.8995971679688,43.015789420175004,COMBO_top3_lowVixPanic
2024-11-29,2025-10-16,321,S10_VIX_REGIME,591.94189453125,656.8995971679688,37.94036431186054,COMBO_top3_lowVixPanic
2024-12-13,2025-10-16,307,S10_VIX_REGIME,593.57275390625,656.8995971679688,32.058011265917294,COMBO_top3_lowVixPanic
2024-12-27,2025-10-16,293,S10_VIX_REGIME,586.5021362304688,656.8995971679688,37.57658093345498,COMBO_top3_lowVixPanic
2025-01-17,2025-10-16,272,S10_VIX_REGIME,589.0353393554688,656.8995971679688,37.848411122361775,COMBO_top3_lowVixPanic
2025-02-03,2025-10-16,255,S10_VIX_REGIME,589.2225341796875,656.8995971679688,37.649365648342176,COMBO_top3_lowVixPanic
2025-02-18,2025-10-16,240,S10_VIX_REGIME,602.7463989257812,656.8995971679688,31.324053167714816,COMBO_top3_lowVixPanic
2025-03-04,2025-10-16,226,S10_VIX_REGIME,568.6116333007812,656.8995971679688,48.21882239217366,COMBO_top3_lowVixPanic
2025-03-24,2025-10-16,206,S10_VIX_REGIME,567.5736083984375,656.8995971679688,65.76116569517137,COMBO_top3_lowVixPanic
2025-05-16,2025-11-18,186,S2_VIX_PANIC,587.465576171875,656.3427734375,38.537082116584,COMBO_top3_lowVixPanic
2025-06-03,2026-03-06,276,S10_VIX_REGIME,589.3341674804688,670.5487060546875,43.258927433638064,COMBO_top3_lowVixPanic
2025-06-24,2026-03-06,255,S10_VIX_REGIME,601.676513671875,670.5487060546875,37.35121717446403,COMBO_top3_lowVixPanic
2025-07-17,2026-03-06,232,S10_VIX_REGIME,622.7576293945312,670.5487060546875,24.085487806615205,COMBO_top3_lowVixPanic
2025-08-01,2026-03-06,217,S10_VIX_REGIME,616.4907836914062,670.5487060546875,27.451382127441505,COMBO_top3_lowVixPanic
2025-08-15,2026-03-06,203,S10_VIX_REGIME,638.0281372070312,670.5487060546875,18.948018572928845,COMBO_top3_lowVixPanic
2025-08-29,2026-03-06,189,S10_VIX_REGIME,639.6245727539062,670.5487060546875,18.706598439493735,COMBO_top3_lowVixPanic
2017-02-14,2018-02-02,353,S2_VIX_PANIC,201.7720642089844,242.441650390625,90.19890519862153,COMBO_top4_+spike
2017-03-07,2018-02-02,332,S2_VIX_PANIC,204.62123107910156,242.441650390625,73.10778461651162,COMBO_top4_+spike
2017-03-28,2018-02-02,311,S2_VIX_PANIC,204.0545959472656,242.441650390625,85.31299793729079,COMBO_top4_+spike
2017-04-11,2018-02-02,297,S2_VIX_PANIC,203.8291778564453,242.441650390625,83.4001905071349,COMBO_top4_+spike
2017-04-25,2018-02-02,283,S2_VIX_PANIC,206.85549926757812,242.441650390625,83.50946595930506,COMBO_top4_+spike
2017-05-15,2018-02-02,263,S2_VIX_PANIC,208.3729705810547,242.441650390625,75.84461122774627,COMBO_top4_+spike
2017-05-30,2018-02-02,248,S2_VIX_PANIC,209.4135284423828,242.441650390625,72.84690722126635,COMBO_top4_+spike
2017-06-15,2018-02-02,232,S2_VIX_PANIC,211.38194274902344,242.441650390625,67.2271515839925,COMBO_top4_+spike
2017-06-29,2018-02-02,218,S2_VIX_PANIC,210.3040313720703,242.441650390625,74.38263533869178,COMBO_top4_+spike
2017-07-13,2018-02-02,204,S2_VIX_PANIC,212.97911071777344,242.441650390625,70.04819492049407,COMBO_top4_+spike
2017-08-07,2018-02-05,182,S10_VIX_REGIME,215.9853515625,232.30213928222656,96.26919459419659,COMBO_top4_+spike
2017-08-22,2018-03-22,212,S2_VIX_PANIC,213.867919921875,233.00282287597656,46.72525682031577,COMBO_top4_+spike
2017-09-05,2018-03-22,198,S2_VIX_PANIC,214.40814208984375,233.00282287597656,39.5459182363741,COMBO_top4_+spike
2017-10-25,2018-10-10,350,S5_NEW_60D_LOW,223.55484008789065,248.15383911132812,41.38111137756666,COMBO_top4_+spike
2017-11-08,2018-10-10,336,S5_NEW_60D_LOW,226.8999786376953,248.15383911132812,30.916746543878055,COMBO_top4_+spike
2017-11-22,2018-10-10,322,S5_NEW_60D_LOW,227.46920776367188,248.15383911132812,33.11654289639319,COMBO_top4_+spike
2017-12-20,2018-10-10,294,S5_NEW_60D_LOW,235.0306396484375,248.15383911132812,18.57302428508438,COMBO_top4_+spike
2018-01-03,2018-10-10,280,S5_NEW_60D_LOW,238.0585021972656,248.15383911132812,12.627487997422929,COMBO_top4_+spike
2018-02-01,2018-10-10,251,S5_NEW_60D_LOW,247.83709716796875,248.15383911132812,-10.92488422389307,COMBO_top4_+spike
2018-02-15,2018-10-10,237,S5_NEW_60D_LOW,240.31166076660156,248.15383911132812,-7.180475666906316,COMBO_top4_+spike
2018-03-09,2018-10-10,215,S5_NEW_60D_LOW,245.45179748535156,248.15383911132812,-10.766837946881584,COMBO_top4_+spike
2018-03-23,2018-10-10,201,S5_NEW_60D_LOW,228.03643798828125,248.15383911132812,9.267479601131,COMBO_top4_+spike
2018-04-06,2018-10-10,187,S5_NEW_60D_LOW,229.51222229003903,248.15383911132812,11.849475832523362,COMBO_top4_+spike
2018-05-09,2018-11-23,198,S5_NEW_60D_LOW,238.15467834472656,234.7341156005859,-14.270981778760339,COMBO_top4_+spike
2018-05-29,2018-12-14,199,S5_NEW_60D_LOW,237.7305603027344,232.25521850585935,-18.54971755057732,COMBO_top4_+spike
2018-06-12,2018-12-14,185,S5_NEW_60D_LOW,246.47906494140625,232.25521850585935,-26.65338212185083,COMBO_top4_+spike
2018-07-06,2019-05-07,305,S2_VIX_PANIC,244.47906494140625,259.37744140625,1.192406570826204,COMBO_top4_+spike
2018-07-27,2019-05-07,284,S2_VIX_PANIC,249.80514526367188,259.37744140625,-4.8293211577214095,COMBO_top4_+spike
2018-08-10,2019-05-07,270,S2_VIX_PANIC,251.3495178222656,259.37744140625,-6.86349142361466,COMBO_top4_+spike
2018-08-24,2019-05-07,256,S2_VIX_PANIC,255.21083068847656,259.37744140625,-12.721751720296973,COMBO_top4_+spike
2018-09-07,2019-05-07,242,S2_VIX_PANIC,255.29066467285156,259.37744140625,-16.043380213961782,COMBO_top4_+spike
2018-09-21,2019-05-07,228,S2_VIX_PANIC,260.3608703613281,259.37744140625,-19.005994144332437,COMBO_top4_+spike
2018-10-05,2019-05-07,214,S2_VIX_PANIC,256.6424865722656,259.37744140625,-14.822922662296916,COMBO_top4_+spike
2018-11-07,2019-05-07,181,S2_VIX_PANIC,250.57025146484375,259.37744140625,-4.4160582035384,COMBO_top4_+spike
2018-12-03,2019-08-05,245,S10_VIX_REGIME,249.0455017089844,256.91851806640625,-1.9672962854160092,COMBO_top4_+spike
2019-02-22,2020-01-27,339,S2_VIX_PANIC,250.3563232421875,295.63616943359375,70.72077001646987,COMBO_top4_+spike
2019-03-11,2020-01-27,322,S2_VIX_PANIC,249.72848510742188,295.63616943359375,71.34952229010658,COMBO_top4_+spike
2019-03-26,2020-01-27,307,S2_VIX_PANIC,253.24281311035156,295.63616943359375,60.25392905389083,COMBO_top4_+spike
2019-04-09,2020-01-27,293,S2_VIX_PANIC,258.8188781738281,295.63616943359375,48.60026597133344,COMBO_top4_+spike
2019-04-26,2020-01-27,276,S2_VIX_PANIC,264.3140563964844,295.63616943359375,39.541061432219514,COMBO_top4_+spike
2019-05-10,2020-01-27,262,S2_VIX_PANIC,259.53057861328125,295.63616943359375,46.883266392256004,COMBO_top4_+spike
2019-06-07,2020-01-27,234,S2_VIX_PANIC,259.1250915527344,295.63616943359375,47.954051481716334,COMBO_top4_+spike
2019-07-01,2020-01-27,210,S2_VIX_PANIC,267.6362609863281,295.63616943359375,37.32884200442098,COMBO_top4_+spike
2019-07-15,2020-01-27,196,S2_VIX_PANIC,272.24383544921875,295.63616943359375,27.627028137739597,COMBO_top4_+spike
2019-07-29,2020-01-27,182,S2_VIX_PANIC,272.8865661621094,295.63616943359375,28.341540498723127,COMBO_top4_+spike
2019-08-12,2020-02-24,196,S10_VIX_REGIME,260.76568603515625,294.64923095703125,48.09793310461795,COMBO_top4_+spike
2019-08-29,2020-02-25,180,S10_VIX_REGIME,264.84814453125,285.720703125,32.73902889162132,COMBO_top4_+spike
2019-09-12,2020-03-10,180,S10_VIX_REGIME,272.7326354980469,263.5777282714844,47.19267027801942,COMBO_top4_+spike
2019-09-26,2020-03-24,180,S1_VIX_SPIKE,270.0908203125,223.5135803222656,24.953222865478484,COMBO_top4_+spike
2019-10-11,2020-04-08,180,S1_VIX_SPIKE,269.4360656738281,251.8997039794922,17.96598433576885,COMBO_top4_+spike
2019-10-25,2020-04-22,180,S1_VIX_SPIKE,274.2739562988281,256.56024169921875,23.002767700563837,COMBO_top4_+spike
2019-12-02,2020-06-11,192,S2_VIX_PANIC,283.40435791015625,276.33319091796875,37.92607744033611,COMBO_top4_+spike
2019-12-16,2020-06-15,182,S2_VIX_PANIC,290.5521545410156,282.2530822753906,36.875450246602966,COMBO_top4_+spike
2020-01-09,2020-07-13,186,S1_VIX_SPIKE,298.51483154296875,290.6875915527344,33.79587231497612,COMBO_top4_+spike
2020-01-27,2020-09-03,220,S2_VIX_PANIC,295.63616943359375,318.8939208984375,72.09942188053435,COMBO_top4_+spike
2020-02-10,2020-09-03,206,S2_VIX_PANIC,305.8531799316406,318.8939208984375,63.98167392522146,COMBO_top4_+spike
2020-02-25,2020-09-03,191,S2_VIX_PANIC,285.720703125,318.8939208984375,52.48794132341186,COMBO_top4_+spike
2020-06-26,2021-01-27,215,S10_VIX_REGIME,277.0321960449219,348.551025390625,53.17192036371229,COMBO_top4_+spike
2020-07-21,2021-01-27,190,S10_VIX_REGIME,300.077392578125,348.551025390625,40.12911429093337,COMBO_top4_+spike
2020-08-04,2021-02-01,181,S2_VIX_PANIC,304.73992919921875,350.2452697753906,32.652362687058314,COMBO_top4_+spike
2020-09-18,2021-05-12,236,S10_VIX_REGIME,306.5067138671875,378.64605712890625,47.39872224343368,COMBO_top4_+spike
2020-10-05,2021-05-12,219,S10_VIX_REGIME,314.95166015625,378.64605712890625,35.3571488575671,COMBO_top4_+spike
2020-11-05,2021-05-12,188,S10_VIX_REGIME,324.6663513183594,378.64605712890625,35.583691025321535,COMBO_top4_+spike
2020-11-24,2021-07-19,237,S2_VIX_PANIC,336.69854736328125,398.2133483886719,42.845875648934374,COMBO_top4_+spike
2020-12-08,2021-07-19,223,S2_VIX_PANIC,343.14111328125,398.2133483886719,36.26757115447107,COMBO_top4_+spike
2020-12-22,2021-07-19,209,S2_VIX_PANIC,341.876220703125,398.2133483886719,28.86824687892595,COMBO_top4_+spike
2021-01-07,2021-07-19,193,S2_VIX_PANIC,352.9170227050781,398.2133483886719,21.088686959530037,COMBO_top4_+spike
2021-01-21,2021-08-19,210,S2_VIX_PANIC,357.70196533203125,412.1657104492187,28.89598663541416,COMBO_top4_+spike
2021-02-04,2021-08-19,196,S2_VIX_PANIC,359.517333984375,412.1657104492187,22.546786742980967,COMBO_top4_+spike
2021-02-26,2021-09-20,206,S2_VIX_PANIC,354.09002685546875,408.01519775390625,19.054573824408113,COMBO_top4_+spike
2021-03-12,2021-09-20,192,S2_VIX_PANIC,366.8438720703125,408.01519775390625,14.454959838631003,COMBO_top4_+spike
2021-03-26,2021-11-26,245,S10_VIX_REGIME,369.838623046875,431.4503173828125,51.00195744326121,COMBO_top4_+spike
2021-04-26,2021-11-26,214,S10_VIX_REGIME,390.04058837890625,431.4503173828125,33.146831719603775,COMBO_top4_+spike
2021-05-10,2021-11-26,200,S10_VIX_REGIME,390.3488464355469,431.4503173828125,32.741221877726865,COMBO_top4_+spike
2021-05-24,2021-11-26,186,S10_VIX_REGIME,391.4975891113281,431.4503173828125,31.748686547689474,COMBO_top4_+spike
2021-06-07,2022-01-20,227,S5_NEW_60D_LOW,394.31829833984375,421.43853759765625,14.35267966217789,COMBO_top4_+spike
2021-06-21,2022-01-20,213,S5_NEW_60D_LOW,394.3620300292969,421.43853759765625,15.52771750874656,COMBO_top4_+spike
2021-07-07,2022-01-20,197,S5_NEW_60D_LOW,407.1057739257813,421.43853759765625,6.27390022888879,COMBO_top4_+spike
2021-07-21,2022-01-20,183,S5_NEW_60D_LOW,407.1900329589844,421.43853759765625,3.705596471925674,COMBO_top4_+spike
2021-08-04,2022-02-22,202,S5_NEW_60D_LOW,411.3411865234375,405.23193359375,-14.939863914410253,COMBO_top4_+spike
2021-08-18,2022-02-22,188,S5_NEW_60D_LOW,411.5285949707031,405.23193359375,-16.618596108159053,COMBO_top4_+spike
2021-09-01,2022-02-28,180,S1_VIX_SPIKE,423.35400390625,411.8919677734375,-12.470599305443558,COMBO_top4_+spike
2021-09-15,2022-03-14,180,S1_VIX_SPIKE,419.6808471679687,393.37408447265625,-16.049172836759737,COMBO_top4_+spike
2021-09-29,2022-04-26,209,S2_VIX_PANIC,408.4006042480469,393.7444458007813,-16.36778431067064,COMBO_top4_+spike
2021-10-18,2022-04-26,190,S2_VIX_PANIC,420.3768005371094,393.7444458007813,-18.447749758233584,COMBO_top4_+spike
2021-11-18,2022-05-18,181,S5_NEW_60D_LOW,441.5652160644531,370.8068237304687,-45.5714214819345,COMBO_top4_+spike
2021-12-03,2022-06-13,192,S5_NEW_60D_LOW,426.2332153320313,354.8526611328125,-55.7086322293573,COMBO_top4_+spike
2021-12-17,2022-06-16,181,S5_NEW_60D_LOW,433.815185546875,346.9512634277344,-58.719045128561255,COMBO_top4_+spike
2021-12-31,2022-09-22,265,S5_NEW_60D_LOW,448.05023193359375,357.10516357421875,-71.08378460595983,COMBO_top4_+spike
2022-01-18,2022-09-22,247,S5_NEW_60D_LOW,430.6266479492187,357.10516357421875,-64.720326353046,COMBO_top4_+spike
2022-02-01,2022-09-22,233,S5_NEW_60D_LOW,427.287353515625,357.10516357421875,-61.5084813506694,COMBO_top4_+spike
2022-03-24,2022-09-22,182,S5_NEW_60D_LOW,426.2867736816406,357.10516357421875,-59.290916990695294,COMBO_top4_+spike
2023-01-13,2023-09-21,251,S5_NEW_60D_LOW,382.0209655761719,418.1409912109375,2.318880250542206,COMBO_top4_+spike
2023-01-30,2023-09-21,234,S5_NEW_60D_LOW,384.0245361328125,418.1409912109375,2.8424194399605915,COMBO_top4_+spike
2023-02-13,2023-09-21,220,S5_NEW_60D_LOW,395.75836181640625,418.1409912109375,-11.933642292273593,COMBO_top4_+spike
2023-02-27,2023-09-21,206,S5_NEW_60D_LOW,381.2828063964844,418.1409912109375,6.4227668863982235,COMBO_top4_+spike
2023-03-21,2023-09-21,184,S5_NEW_60D_LOW,383.87347412109375,418.1409912109375,-1.439734263442445,COMBO_top4_+spike
2023-04-05,2023-10-03,181,S5_NEW_60D_LOW,392.23590087890625,408.6419372558594,-10.749070269328246,COMBO_top4_+spike
2023-04-21,2023-10-20,182,S5_NEW_60D_LOW,396.6625061035156,408.2542419433594,-8.788102340527468,COMBO_top4_+spike
2023-05-05,2024-08-02,455,S10_VIX_REGIME,397.0763244628906,521.917236328125,97.3636574556884,COMBO_top4_+spike
2023-05-19,2024-08-02,441,S10_VIX_REGIME,402.8405151367187,521.917236328125,92.68368874786589,COMBO_top4_+spike
2023-06-02,2024-08-02,427,S10_VIX_REGIME,411.7899169921875,521.917236328125,93.40517719135526,COMBO_top4_+spike
2023-06-23,2024-08-02,406,S10_VIX_REGIME,418.4291076660156,521.917236328125,91.2586423399447,COMBO_top4_+spike
2023-07-07,2024-08-02,392,S10_VIX_REGIME,423.5868835449219,521.917236328125,86.09537508652593,COMBO_top4_+spike
2023-07-25,2024-08-02,374,S10_VIX_REGIME,439.9006652832031,521.917236328125,67.6113819763666,COMBO_top4_+spike
2023-08-10,2024-08-02,358,S10_VIX_REGIME,430.6957702636719,521.917236328125,74.43502754165229,COMBO_top4_+spike
2023-08-29,2024-08-02,339,S10_VIX_REGIME,433.8349304199219,521.917236328125,78.76027383531375,COMBO_top4_+spike
2023-11-03,2024-08-02,273,S10_VIX_REGIME,421.3395690917969,521.917236328125,100.81834597634685,COMBO_top4_+spike
2023-12-06,2024-08-02,240,S10_VIX_REGIME,440.7931823730469,521.917236328125,81.36914361550298,COMBO_top4_+spike
2024-01-03,2024-08-02,212,S10_VIX_REGIME,456.2345581054687,521.917236328125,62.678787359912604,COMBO_top4_+spike
2024-01-17,2024-08-02,198,S10_VIX_REGIME,459.6408386230469,521.917236328125,61.29529408605602,COMBO_top4_+spike
2024-01-31,2024-08-02,184,S10_VIX_REGIME,469.94720458984375,521.917236328125,51.052017717755284,COMBO_top4_+spike
2024-02-14,2024-09-06,205,S2_VIX_PANIC,485.2170104980469,529.2235717773438,37.58808306343124,COMBO_top4_+spike
2024-02-28,2024-09-06,191,S2_VIX_PANIC,492.7010192871094,529.2235717773438,33.856173870992926,COMBO_top4_+spike
2024-03-13,2024-12-18,280,S10_VIX_REGIME,502.1509704589844,575.9583740234375,66.32034448686515,COMBO_top4_+spike
2024-03-27,2024-12-18,266,S10_VIX_REGIME,510.7401123046875,575.9583740234375,60.33903312398598,COMBO_top4_+spike
2024-04-10,2024-12-18,252,S10_VIX_REGIME,501.9051208496094,575.9583740234375,64.01444481287982,COMBO_top4_+spike
2024-05-03,2024-12-18,229,S10_VIX_REGIME,499.1423950195313,575.9583740234375,79.19732330648964,COMBO_top4_+spike
2024-05-30,2024-12-18,202,S10_VIX_REGIME,510.1935119628906,575.9583740234375,67.5000012772126,COMBO_top4_+spike
2024-06-13,2024-12-18,188,S10_VIX_REGIME,529.56201171875,575.9583740234375,51.21952951759825,COMBO_top4_+spike
2024-07-03,2025-03-04,244,S5_NEW_60D_LOW,540.0948486328125,568.6116333007812,19.12517998374874,COMBO_top4_+spike
2024-07-17,2025-03-04,230,S5_NEW_60D_LOW,545.4619140625,568.6116333007812,10.35797394415555,COMBO_top4_+spike
2024-07-31,2025-03-04,216,S5_NEW_60D_LOW,539.458251953125,568.6116333007812,15.237289824972471,COMBO_top4_+spike
2024-08-14,2025-03-04,202,S5_NEW_60D_LOW,532.5436401367188,568.6116333007812,18.637861098879455,COMBO_top4_+spike
2024-09-03,2025-03-04,182,S5_NEW_60D_LOW,540.7020263671875,568.6116333007812,3.002180179963642,COMBO_top4_+spike
2024-09-17,2025-04-03,198,S5_NEW_60D_LOW,551.465576171875,530.6173095703125,-18.196516651819653,COMBO_top4_+spike
2024-10-03,2025-04-03,182,S5_NEW_60D_LOW,557.8234252929688,530.6173095703125,-23.993967606794612,COMBO_top4_+spike
2024-10-17,2025-04-15,180,S1_VIX_SPIKE,572.0975341796875,531.5169067382812,-24.368728761335348,COMBO_top4_+spike
2024-10-31,2025-10-16,350,S10_VIX_REGIME,558.6289672851562,656.8995971679688,47.42477191196347,COMBO_top4_+spike
2024-11-14,2025-10-16,336,S10_VIX_REGIME,582.9039306640625,656.8995971679688,43.015789420175004,COMBO_top4_+spike
2024-11-29,2025-10-16,321,S10_VIX_REGIME,591.94189453125,656.8995971679688,37.94036431186054,COMBO_top4_+spike
2024-12-13,2025-10-16,307,S10_VIX_REGIME,593.57275390625,656.8995971679688,32.058011265917294,COMBO_top4_+spike
2024-12-27,2025-10-16,293,S10_VIX_REGIME,586.5021362304688,656.8995971679688,37.57658093345498,COMBO_top4_+spike
2025-01-17,2025-10-16,272,S10_VIX_REGIME,589.0353393554688,656.8995971679688,37.848411122361775,COMBO_top4_+spike
2025-02-03,2025-10-16,255,S10_VIX_REGIME,589.2225341796875,656.8995971679688,37.649365648342176,COMBO_top4_+spike
2025-02-18,2025-10-16,240,S10_VIX_REGIME,602.7463989257812,656.8995971679688,31.324053167714816,COMBO_top4_+spike
2025-03-04,2025-10-16,226,S10_VIX_REGIME,568.6116333007812,656.8995971679688,48.21882239217366,COMBO_top4_+spike
2025-03-24,2025-10-16,206,S10_VIX_REGIME,567.5736083984375,656.8995971679688,65.76116569517137,COMBO_top4_+spike
2025-05-16,2025-11-18,186,S2_VIX_PANIC,587.465576171875,656.3427734375,38.537082116584,COMBO_top4_+spike
2025-06-03,2026-03-06,276,S10_VIX_REGIME,589.3341674804688,670.5487060546875,43.258927433638064,COMBO_top4_+spike
2025-06-24,2026-03-06,255,S10_VIX_REGIME,601.676513671875,670.5487060546875,37.35121717446403,COMBO_top4_+spike
2025-07-17,2026-03-06,232,S10_VIX_REGIME,622.7576293945312,670.5487060546875,24.085487806615205,COMBO_top4_+spike
2025-08-01,2026-03-06,217,S10_VIX_REGIME,616.4907836914062,670.5487060546875,27.451382127441505,COMBO_top4_+spike
2025-08-15,2026-03-06,203,S10_VIX_REGIME,638.0281372070312,670.5487060546875,18.948018572928845,COMBO_top4_+spike
2025-08-29,2026-03-06,189,S10_VIX_REGIME,639.6245727539062,670.5487060546875,18.706598439493735,COMBO_top4_+spike
2017-02-14,2018-02-05,356,S1_VIX_SPIKE,201.7720642089844,232.30213928222656,100.50915387826083,COMBO_only_extreme
2017-03-07,2018-02-05,335,S1_VIX_SPIKE,204.62123107910156,232.30213928222656,86.89378323805417,COMBO_only_extreme
2017-03-28,2018-02-05,314,S1_VIX_SPIKE,204.0545959472656,232.30213928222656,100.37645788416035,COMBO_only_extreme
2017-04-11,2018-02-05,300,S1_VIX_SPIKE,203.8291778564453,232.30213928222656,99.19216106270751,COMBO_only_extreme
2017-04-25,2018-02-05,286,S1_VIX_SPIKE,206.85549926757812,232.30213928222656,103.57228694911318,COMBO_only_extreme
2017-05-15,2018-02-05,266,S1_VIX_SPIKE,208.3729705810547,232.30213928222656,97.3298407668747,COMBO_only_extreme
2017-05-30,2018-02-05,251,S1_VIX_SPIKE,209.4135284423828,232.30213928222656,95.90078319953157,COMBO_only_extreme
2017-06-15,2018-02-05,235,S1_VIX_SPIKE,211.38194274902344,232.30213928222656,92.61583060848919,COMBO_only_extreme
2017-06-29,2018-02-05,221,S1_VIX_SPIKE,210.3040313720703,232.30213928222656,100.2993338905833,COMBO_only_extreme
2017-07-13,2018-02-05,207,S1_VIX_SPIKE,212.97911071777344,232.30213928222656,99.58957911554307,COMBO_only_extreme
2017-08-07,2018-02-05,182,S1_VIX_SPIKE,215.9853515625,232.30213928222656,96.26919459419659,COMBO_only_extreme
2017-08-22,2018-10-10,414,S5_NEW_60D_LOW,213.867919921875,248.15383911132812,65.97693474327528,COMBO_only_extreme
2017-09-05,2018-10-10,400,S5_NEW_60D_LOW,214.40814208984375,248.15383911132812,57.78233772798487,COMBO_only_extreme
2017-10-25,2018-10-10,350,S5_NEW_60D_LOW,223.55484008789065,248.15383911132812,41.38111137756666,COMBO_only_extreme
2017-11-08,2018-10-10,336,S5_NEW_60D_LOW,226.8999786376953,248.15383911132812,30.916746543878055,COMBO_only_extreme
2017-11-22,2018-10-10,322,S5_NEW_60D_LOW,227.46920776367188,248.15383911132812,33.11654289639319,COMBO_only_extreme
2017-12-20,2018-10-10,294,S5_NEW_60D_LOW,235.0306396484375,248.15383911132812,18.57302428508438,COMBO_only_extreme
2018-01-03,2018-10-10,280,S5_NEW_60D_LOW,238.0585021972656,248.15383911132812,12.627487997422929,COMBO_only_extreme
2018-02-01,2018-10-10,251,S5_NEW_60D_LOW,247.83709716796875,248.15383911132812,-10.92488422389307,COMBO_only_extreme
2018-02-15,2018-10-10,237,S5_NEW_60D_LOW,240.31166076660156,248.15383911132812,-7.180475666906316,COMBO_only_extreme
2018-03-09,2018-10-10,215,S5_NEW_60D_LOW,245.45179748535156,248.15383911132812,-10.766837946881584,COMBO_only_extreme
2018-03-23,2018-10-10,201,S5_NEW_60D_LOW,228.03643798828125,248.15383911132812,9.267479601131,COMBO_only_extreme
2018-04-06,2018-10-10,187,S5_NEW_60D_LOW,229.51222229003903,248.15383911132812,11.849475832523362,COMBO_only_extreme
2018-05-09,2018-11-23,198,S5_NEW_60D_LOW,238.15467834472656,234.7341156005859,-14.270981778760339,COMBO_only_extreme
2018-05-29,2018-12-14,199,S5_NEW_60D_LOW,237.7305603027344,232.25521850585935,-18.54971755057732,COMBO_only_extreme
2018-06-12,2018-12-14,185,S5_NEW_60D_LOW,246.47906494140625,232.25521850585935,-26.65338212185083,COMBO_only_extreme
2018-07-06,2019-11-18,500,Max hold,244.47906494140625,283.7499084472656,37.12578366654786,COMBO_only_extreme
2018-07-27,2019-12-09,500,Max hold,249.80514526367188,285.4414367675781,32.05901740824721,COMBO_only_extreme
2018-08-10,2019-12-23,500,Max hold,251.3495178222656,293.5525207519531,46.625561493719616,COMBO_only_extreme
2018-08-24,2020-01-06,500,Max hold,255.21083068847656,295.76416015625,41.404732991016566,COMBO_only_extreme
2018-09-07,2020-01-21,501,Max hold,255.29066467285156,302.76434326171875,50.61068441794415,COMBO_only_extreme
2018-09-21,2020-02-03,500,Max hold,260.3608703613281,296.2027893066406,29.49651820969037,COMBO_only_extreme
2018-10-05,2020-02-18,501,Max hold,256.6424865722656,307.7267150878906,62.62549972111262,COMBO_only_extreme
2018-11-07,2020-02-27,477,S5_NEW_60D_LOW,250.57025146484375,271.8847961425781,29.03020151831614,COMBO_only_extreme
2018-12-03,2020-02-27,451,S5_NEW_60D_LOW,249.0455017089844,271.8847961425781,34.88015210278904,COMBO_only_extreme
2019-02-22,2020-02-27,370,S5_NEW_60D_LOW,250.3563232421875,271.8847961425781,58.4465475620338,COMBO_only_extreme
2019-03-11,2020-02-27,353,S5_NEW_60D_LOW,249.72848510742188,271.8847961425781,60.50899297060561,COMBO_only_extreme
2019-03-26,2020-02-27,338,S5_NEW_60D_LOW,253.24281311035156,271.8847961425781,53.07733598963576,COMBO_only_extreme
2019-04-09,2020-02-27,324,S5_NEW_60D_LOW,258.8188781738281,271.8847961425781,46.66821521715734,COMBO_only_extreme
2019-04-26,2020-02-27,307,S5_NEW_60D_LOW,264.3140563964844,271.8847961425781,42.145521295271614,COMBO_only_extreme
2019-05-10,2020-02-27,293,S5_NEW_60D_LOW,259.53057861328125,271.8847961425781,47.71372486619928,COMBO_only_extreme
2019-06-07,2020-02-27,265,S5_NEW_60D_LOW,259.1250915527344,271.8847961425781,49.833497227712016,COMBO_only_extreme
2019-07-01,2020-02-27,241,S5_NEW_60D_LOW,267.6362609863281,271.8847961425781,46.52172156281144,COMBO_only_extreme
2019-07-15,2020-02-27,227,S5_NEW_60D_LOW,272.24383544921875,271.8847961425781,39.6927210741785,COMBO_only_extreme
2019-07-29,2020-02-27,213,S5_NEW_60D_LOW,272.8865661621094,271.8847961425781,41.85094067142482,COMBO_only_extreme
2019-08-12,2020-02-27,199,S5_NEW_60D_LOW,260.76568603515625,271.8847961425781,46.34416427433814,COMBO_only_extreme
2019-08-29,2020-02-27,182,S5_NEW_60D_LOW,264.84814453125,271.8847961425781,42.03239437019808,COMBO_only_extreme
2019-09-12,2020-03-10,180,S1_VIX_SPIKE,272.7326354980469,263.5777282714844,47.19267027801942,COMBO_only_extreme
2019-09-26,2020-03-24,180,S1_VIX_SPIKE,270.0908203125,223.5135803222656,24.953222865478484,COMBO_only_extreme
2019-10-11,2020-04-08,180,S1_VIX_SPIKE,269.4360656738281,251.8997039794922,17.96598433576885,COMBO_only_extreme
2019-10-25,2020-04-22,180,S1_VIX_SPIKE,274.2739562988281,256.56024169921875,23.002767700563837,COMBO_only_extreme
2019-12-02,2020-06-11,192,S1_VIX_SPIKE,283.40435791015625,276.33319091796875,37.92607744033611,COMBO_only_extreme
2019-12-16,2020-06-15,182,S1_VIX_SPIKE,290.5521545410156,282.2530822753906,36.875450246602966,COMBO_only_extreme
2020-01-09,2020-07-13,186,S1_VIX_SPIKE,298.51483154296875,290.6875915527344,33.79587231497612,COMBO_only_extreme
2020-01-27,2020-09-03,220,S1_VIX_SPIKE,295.63616943359375,318.8939208984375,72.09942188053435,COMBO_only_extreme
2020-02-10,2020-09-03,206,S1_VIX_SPIKE,305.8531799316406,318.8939208984375,63.98167392522146,COMBO_only_extreme
2020-02-25,2020-09-03,191,S1_VIX_SPIKE,285.720703125,318.8939208984375,52.48794132341186,COMBO_only_extreme
2020-06-26,2021-01-27,215,S1_VIX_SPIKE,277.0321960449219,348.551025390625,53.17192036371229,COMBO_only_extreme
2020-07-21,2021-01-27,190,S1_VIX_SPIKE,300.077392578125,348.551025390625,40.12911429093337,COMBO_only_extreme
2020-08-04,2021-02-01,181,S1_VIX_SPIKE,304.73992919921875,350.2452697753906,32.652362687058314,COMBO_only_extreme
2020-09-18,2021-12-01,439,S1_VIX_SPIKE,306.5067138671875,423.48828125,92.66021152980794,COMBO_only_extreme
2020-10-05,2021-12-01,422,S1_VIX_SPIKE,314.95166015625,423.48828125,77.17712003050774,COMBO_only_extreme
2020-11-05,2021-12-01,391,S1_VIX_SPIKE,324.6663513183594,423.48828125,77.60771241623378,COMBO_only_extreme
2020-11-24,2021-12-01,372,S1_VIX_SPIKE,336.69854736328125,423.48828125,73.06139422906543,COMBO_only_extreme
2020-12-08,2021-12-01,358,S1_VIX_SPIKE,343.14111328125,423.48828125,65.88887752767857,COMBO_only_extreme
2020-12-22,2021-12-01,344,S1_VIX_SPIKE,341.876220703125,423.48828125,56.782040224008156,COMBO_only_extreme
2021-01-07,2021-12-01,328,S1_VIX_SPIKE,352.9170227050781,423.48828125,48.66294174060016,COMBO_only_extreme
2021-01-21,2021-12-01,314,S1_VIX_SPIKE,357.70196533203125,423.48828125,42.833498130418604,COMBO_only_extreme
2021-02-04,2021-12-01,300,S1_VIX_SPIKE,359.517333984375,423.48828125,36.085802431773686,COMBO_only_extreme
2021-02-26,2021-12-01,278,S1_VIX_SPIKE,354.09002685546875,423.48828125,36.41736001581604,COMBO_only_extreme
2021-03-12,2021-12-01,264,S1_VIX_SPIKE,366.8438720703125,423.48828125,32.29556801320099,COMBO_only_extreme
2021-03-26,2021-12-01,250,S1_VIX_SPIKE,369.838623046875,423.48828125,44.17728482983536,COMBO_only_extreme
2021-04-26,2021-12-01,219,S1_VIX_SPIKE,390.04058837890625,423.48828125,27.33573492657798,COMBO_only_extreme
2021-05-10,2021-12-01,205,S1_VIX_SPIKE,390.3488464355469,423.48828125,27.04924711859694,COMBO_only_extreme
2021-05-24,2021-12-01,191,S1_VIX_SPIKE,391.4975891113281,423.48828125,26.197490175615446,COMBO_only_extreme
2021-06-07,2022-01-20,227,S5_NEW_60D_LOW,394.31829833984375,421.43853759765625,14.35267966217789,COMBO_only_extreme
2021-06-21,2022-01-20,213,S5_NEW_60D_LOW,394.3620300292969,421.43853759765625,15.52771750874656,COMBO_only_extreme
2021-07-07,2022-01-20,197,S5_NEW_60D_LOW,407.1057739257813,421.43853759765625,6.27390022888879,COMBO_only_extreme
2021-07-21,2022-01-20,183,S5_NEW_60D_LOW,407.1900329589844,421.43853759765625,3.705596471925674,COMBO_only_extreme
2021-08-04,2022-02-22,202,S5_NEW_60D_LOW,411.3411865234375,405.23193359375,-14.939863914410253,COMBO_only_extreme
2021-08-18,2022-02-22,188,S5_NEW_60D_LOW,411.5285949707031,405.23193359375,-16.618596108159053,COMBO_only_extreme
2021-09-01,2022-02-28,180,S1_VIX_SPIKE,423.35400390625,411.8919677734375,-12.470599305443558,COMBO_only_extreme
2021-09-15,2022-03-14,180,S1_VIX_SPIKE,419.6808471679687,393.37408447265625,-16.049172836759737,COMBO_only_extreme
2021-09-29,2022-04-26,209,S1_VIX_SPIKE,408.4006042480469,393.7444458007813,-16.36778431067064,COMBO_only_extreme
2021-10-18,2022-04-26,190,S1_VIX_SPIKE,420.3768005371094,393.7444458007813,-18.447749758233584,COMBO_only_extreme
2021-11-18,2022-05-18,181,S5_NEW_60D_LOW,441.5652160644531,370.8068237304687,-45.5714214819345,COMBO_only_extreme
2021-12-03,2022-06-13,192,S5_NEW_60D_LOW,426.2332153320313,354.8526611328125,-55.7086322293573,COMBO_only_extreme
2021-12-17,2022-06-16,181,S5_NEW_60D_LOW,433.815185546875,346.9512634277344,-58.719045128561255,COMBO_only_extreme
2021-12-31,2022-09-22,265,S5_NEW_60D_LOW,448.05023193359375,357.10516357421875,-71.08378460595983,COMBO_only_extreme
2022-01-18,2022-09-22,247,S5_NEW_60D_LOW,430.6266479492187,357.10516357421875,-64.720326353046,COMBO_only_extreme
2022-02-01,2022-09-22,233,S5_NEW_60D_LOW,427.287353515625,357.10516357421875,-61.5084813506694,COMBO_only_extreme
2022-03-24,2022-09-22,182,S5_NEW_60D_LOW,426.2867736816406,357.10516357421875,-59.290916990695294,COMBO_only_extreme
2023-01-13,2023-09-21,251,S5_NEW_60D_LOW,382.0209655761719,418.1409912109375,2.318880250542206,COMBO_only_extreme
2023-01-30,2023-09-21,234,S5_NEW_60D_LOW,384.0245361328125,418.1409912109375,2.8424194399605915,COMBO_only_extreme
2023-02-13,2023-09-21,220,S5_NEW_60D_LOW,395.75836181640625,418.1409912109375,-11.933642292273593,COMBO_only_extreme
2023-02-27,2023-09-21,206,S5_NEW_60D_LOW,381.2828063964844,418.1409912109375,6.4227668863982235,COMBO_only_extreme
2023-03-21,2023-09-21,184,S5_NEW_60D_LOW,383.87347412109375,418.1409912109375,-1.439734263442445,COMBO_only_extreme
2023-04-05,2023-10-03,181,S5_NEW_60D_LOW,392.23590087890625,408.6419372558594,-10.749070269328246,COMBO_only_extreme
2023-04-21,2023-10-20,182,S5_NEW_60D_LOW,396.6625061035156,408.2542419433594,-8.788102340527468,COMBO_only_extreme
2023-05-05,2024-08-05,458,S5_NEW_60D_LOW,397.0763244628906,506.7171630859375,92.92579902952981,COMBO_only_extreme
2023-05-19,2024-08-05,444,S5_NEW_60D_LOW,402.8405151367187,506.7171630859375,90.25069591930009,COMBO_only_extreme
2023-06-02,2024-08-05,430,S5_NEW_60D_LOW,411.7899169921875,506.7171630859375,93.68855809558534,COMBO_only_extreme
2023-06-23,2024-08-05,409,S5_NEW_60D_LOW,418.4291076660156,506.7171630859375,94.18333121659104,COMBO_only_extreme
2023-07-07,2024-08-05,395,S5_NEW_60D_LOW,423.5868835449219,506.7171630859375,91.2385737769014,COMBO_only_extreme
2023-07-25,2024-08-05,377,S5_NEW_60D_LOW,439.9006652832031,506.7171630859375,77.35971631175997,COMBO_only_extreme
2023-08-10,2024-08-05,361,S5_NEW_60D_LOW,430.6957702636719,506.7171630859375,82.73229565539944,COMBO_only_extreme
2023-08-29,2024-08-05,342,S5_NEW_60D_LOW,433.8349304199219,506.7171630859375,88.99060328464253,COMBO_only_extreme
2023-11-03,2024-08-05,276,S5_NEW_60D_LOW,421.3395690917969,506.7171630859375,111.23420528986323,COMBO_only_extreme
2023-12-06,2024-08-05,243,S5_NEW_60D_LOW,440.7931823730469,506.7171630859375,97.7052314564174,COMBO_only_extreme
2024-01-03,2024-08-05,215,S5_NEW_60D_LOW,456.2345581054687,506.7171630859375,82.60627209650261,COMBO_only_extreme
2024-01-17,2024-08-05,201,S5_NEW_60D_LOW,459.6408386230469,506.7171630859375,82.6721946771078,COMBO_only_extreme
2024-01-31,2024-08-05,187,S5_NEW_60D_LOW,469.94720458984375,506.7171630859375,74.48764792927807,COMBO_only_extreme
2024-02-14,2025-03-04,384,S5_NEW_60D_LOW,485.2170104980469,568.6116333007812,63.243116737593276,COMBO_only_extreme
2024-02-28,2025-03-04,370,S5_NEW_60D_LOW,492.7010192871094,568.6116333007812,58.3600387557227,COMBO_only_extreme
2024-03-13,2025-03-04,356,S5_NEW_60D_LOW,502.1509704589844,568.6116333007812,43.727503274842825,COMBO_only_extreme
2024-03-27,2025-03-04,342,S5_NEW_60D_LOW,510.7401123046875,568.6116333007812,37.36155782538739,COMBO_only_extreme
2024-04-10,2025-03-04,328,S5_NEW_60D_LOW,501.9051208496094,568.6116333007812,42.14946589058361,COMBO_only_extreme
2024-05-03,2025-03-04,305,S5_NEW_60D_LOW,499.1423950195313,568.6116333007812,56.13216575469268,COMBO_only_extreme
2024-05-30,2025-03-04,278,S5_NEW_60D_LOW,510.1935119628906,568.6116333007812,44.69082447525168,COMBO_only_extreme
2024-06-13,2025-03-04,264,S5_NEW_60D_LOW,529.56201171875,568.6116333007812,28.09845625952117,COMBO_only_extreme
2024-07-03,2025-03-04,244,S5_NEW_60D_LOW,540.0948486328125,568.6116333007812,19.12517998374874,COMBO_only_extreme
2024-07-17,2025-03-04,230,S5_NEW_60D_LOW,545.4619140625,568.6116333007812,10.35797394415555,COMBO_only_extreme
2024-07-31,2025-03-04,216,S5_NEW_60D_LOW,539.458251953125,568.6116333007812,15.237289824972471,COMBO_only_extreme
2024-08-14,2025-03-04,202,S5_NEW_60D_LOW,532.5436401367188,568.6116333007812,18.637861098879455,COMBO_only_extreme
2024-09-03,2025-03-04,182,S5_NEW_60D_LOW,540.7020263671875,568.6116333007812,3.002180179963642,COMBO_only_extreme
2024-09-17,2025-04-03,198,S5_NEW_60D_LOW,551.465576171875,530.6173095703125,-18.196516651819653,COMBO_only_extreme
2024-10-03,2025-04-03,182,S5_NEW_60D_LOW,557.8234252929688,530.6173095703125,-23.993967606794612,COMBO_only_extreme
2024-10-17,2025-04-15,180,S1_VIX_SPIKE,572.0975341796875,531.5169067382812,-24.368728761335348,COMBO_only_extreme
2024-10-31,2026-03-12,497,S5_NEW_60D_LOW,558.6289672851562,664.2459106445312,41.39637811802203,COMBO_only_extreme
2024-11-14,2026-03-12,483,S5_NEW_60D_LOW,582.9039306640625,664.2459106445312,35.364503242750025,COMBO_only_extreme
2024-11-29,2026-03-12,468,S5_NEW_60D_LOW,591.94189453125,664.2459106445312,30.25990701757262,COMBO_only_extreme
2024-12-13,2026-03-12,454,S5_NEW_60D_LOW,593.57275390625,664.2459106445312,25.00979780271539,COMBO_only_extreme
2024-12-27,2026-03-12,440,S5_NEW_60D_LOW,586.5021362304688,664.2459106445312,31.235903205884192,COMBO_only_extreme
2025-01-17,2026-03-12,419,S5_NEW_60D_LOW,589.0353393554688,664.2459106445312,31.960140082305788,COMBO_only_extreme
2025-02-03,2026-03-12,402,S5_NEW_60D_LOW,589.2225341796875,664.2459106445312,32.23242930756431,COMBO_only_extreme
2025-02-18,2026-03-12,387,S5_NEW_60D_LOW,602.7463989257812,664.2459106445312,25.729083573309563,COMBO_only_extreme
2025-03-04,2026-03-12,373,S5_NEW_60D_LOW,568.6116333007812,664.2459106445312,44.26772887625873,COMBO_only_extreme
2025-03-24,2026-03-12,353,S5_NEW_60D_LOW,567.5736083984375,664.2459106445312,61.831991818146335,COMBO_only_extreme
2025-05-16,2026-03-12,300,S5_NEW_60D_LOW,587.465576171875,664.2459106445312,38.34725240241426,COMBO_only_extreme
2025-06-03,2026-03-12,282,S5_NEW_60D_LOW,589.3341674804688,664.2459106445312,36.2340646984836,COMBO_only_extreme
2025-06-24,2026-03-12,261,S5_NEW_60D_LOW,601.676513671875,664.2459106445312,30.382013280691023,COMBO_only_extreme
2025-07-17,2026-03-12,238,S5_NEW_60D_LOW,622.7576293945312,664.2459106445312,17.41221515317742,COMBO_only_extreme
2025-08-01,2026-03-12,223,S5_NEW_60D_LOW,616.4907836914062,664.2459106445312,20.821435538560603,COMBO_only_extreme
2025-08-15,2026-03-12,209,S5_NEW_60D_LOW,638.0281372070312,664.2459106445312,12.352947244450247,COMBO_only_extreme
2025-08-29,2026-03-12,195,S5_NEW_60D_LOW,639.6245727539062,664.2459106445312,12.143225793219896,COMBO_only_extreme
